  0.0005                   0
  0.0015                   0
  0.0025                   0
  0.0035                   0
  0.0045                   0
  0.0055                   0
  0.0065                   0
  0.0075                   0
  0.0085                   0
  0.0095                   0
  0.0105                   0
  0.0115                   0
  0.0125                   0
  0.0135                   0
  0.0145                   0
  0.0155                   0
  0.0165                   0
  0.0175                   0
  0.0185                   0
  0.0195                   0
  0.0205                   0
  0.0215                   0
  0.0225                   0
  0.0235                   0
  0.0245                   0
  0.0255                   0
  0.0265                   0
  0.0275                   0
  0.0285                   0
  0.0295                   0
  0.0305                   0
  0.0315                   0
  0.0325                   0
  0.0335                   0
  0.0345                   0
  0.0355                   0
  0.0365                   0
  0.0375                   0
  0.0385                   0
  0.0395                   0
  0.0405                   0
  0.0415                   0
  0.0425                   0
  0.0435                   0
  0.0445                   0
  0.0455                   0
  0.0465                   0
  0.0475                   0
  0.0485                   0
  0.0495                   0
  0.0505                   0
  0.0515                   0
  0.0525                   0
  0.0535                   0
  0.0545                   0
  0.0555                   0
  0.0565                   0
  0.0575                   0
  0.0585                   0
  0.0595                   0
  0.0605                   0
  0.0615                   0
  0.0625                   0
  0.0635                   0
  0.0645                   0
  0.0655                   0
  0.0665                   0
  0.0675                   0
  0.0685                   0
  0.0695                   0
  0.0705                   0
  0.0715                   0
  0.0725                   0
  0.0735                   0
  0.0745                   0
  0.0755                   0
  0.0765                   0
  0.0775                   0
  0.0785                   0
  0.0795                   0
  0.0805                   0
  0.0815                   0
  0.0825                   0
  0.0835                   0
  0.0845                   0
  0.0855                   0
  0.0865                   0
  0.0875                   0
  0.0885                   0
  0.0895                   0
  0.0905                   0
  0.0915                   0
  0.0925                   0
  0.0935                   0
  0.0945                   0
  0.0955                   0
  0.0965                   0
  0.0975                   0
  0.0985                   0
  0.0995                   0
  0.1005                   0
  0.1015                   0
  0.1025                   0
  0.1035                   0
  0.1045                   0
  0.1055                   0
  0.1065                   0
  0.1075                   0
  0.1085                   0
  0.1095                   0
  0.1105                   0
  0.1115                   0
  0.1125                   0
  0.1135                   0
  0.1145                   0
  0.1155                   0
  0.1165                   0
  0.1175                   0
  0.1185                   0
  0.1195                   0
  0.1205                   0
  0.1215                   0
  0.1225                   0
  0.1235                   0
  0.1245                   0
  0.1255                   0
  0.1265                   0
  0.1275                   0
  0.1285                   0
  0.1295                   0
  0.1305                   0
  0.1315                   0
  0.1325                   0
  0.1335                   0
  0.1345                   0
  0.1355                   0
  0.1365                   0
  0.1375                   0
  0.1385                   0
  0.1395                   0
  0.1405                   0
  0.1415                   0
  0.1425                   0
  0.1435                   0
  0.1445                   0
  0.1455                   0
  0.1465                   0
  0.1475                   0
  0.1485                   0
  0.1495                   0
  0.1505                   0
  0.1515                   0
  0.1525                   0
  0.1535                   0
  0.1545                   0
  0.1555                   0
  0.1565                   0
  0.1575                   0
  0.1585                   0
  0.1595                   0
  0.1605                   0
  0.1615                   0
  0.1625                   0
  0.1635                   0
  0.1645                   0
  0.1655                   0
  0.1665                   0
  0.1675                   0
  0.1685                   0
  0.1695                   0
  0.1705                   0
  0.1715                   0
  0.1725                   0
  0.1735                   0
  0.1745                   0
  0.1755                   0
  0.1765                   0
  0.1775                   0
  0.1785                   0
  0.1795                   0
  0.1805                   0
  0.1815                   0
  0.1825                   0
  0.1835                   0
  0.1845                   0
  0.1855                   0
  0.1865                   0
  0.1875                   0
  0.1885                   0
  0.1895                   0
  0.1905                   0
  0.1915                   0
  0.1925                   0
  0.1935                   0
  0.1945                   0
  0.1955                   0
  0.1965                   0
  0.1975                   0
  0.1985                   0
  0.1995                   0
  0.2005                   0
  0.2015                   0
  0.2025                   0
  0.2035                   0
  0.2045                   0
  0.2055                   0
  0.2065                   0
  0.2075                   0
  0.2085                   0
  0.2095                   0
  0.2105                   0
  0.2115                   0
  0.2125                   0
  0.2135                   0
  0.2145                   0
  0.2155                   0
  0.2165                   0
  0.2175                   0
  0.2185                   0
  0.2195                   0
  0.2205                   0
  0.2215                   0
  0.2225                   0
  0.2235                   0
  0.2245                   0
  0.2255                   0
  0.2265                   0
  0.2275                   0
  0.2285                   0
  0.2295                   0
  0.2305                   0
  0.2315                   0
  0.2325                   0
  0.2335                   0
  0.2345                   0
  0.2355                   0
  0.2365                   0
  0.2375                   0
  0.2385                   0
  0.2395                   0
  0.2405                   0
  0.2415                   0
  0.2425                   0
  0.2435                   0
  0.2445                   0
  0.2455                   0
  0.2465                   0
  0.2475                   0
  0.2485                   0
  0.2495                   0
  0.2505                   0
  0.2515                   0
  0.2525                   0
  0.2535                   0
  0.2545                   0
  0.2555                   0
  0.2565                   0
  0.2575                   0
  0.2585                   0
  0.2595                   0
  0.2605                   0
  0.2615                   0
  0.2625                   0
  0.2635                   0
  0.2645                   0
  0.2655                   0
  0.2665                   0
  0.2675                   0
  0.2685                   0
  0.2695                   0
  0.2705                   0
  0.2715                   0
  0.2725                   0
  0.2735                   0
  0.2745                   0
  0.2755                   0
  0.2765                   0
  0.2775                   0
  0.2785                   0
  0.2795                   0
  0.2805                   0
  0.2815                   0
  0.2825                   0
  0.2835                   0
  0.2845                   0
  0.2855                   0
  0.2865                   0
  0.2875                   0
  0.2885                   0
  0.2895                   0
  0.2905                   0
  0.2915                   0
  0.2925                   0
  0.2935                   0
  0.2945                   0
  0.2955                   0
  0.2965                   0
  0.2975                   0
  0.2985                   0
  0.2995                   0
  0.3005                   0
  0.3015                   0
  0.3025                   0
  0.3035                   0
  0.3045                   0
  0.3055                   0
  0.3065                   0
  0.3075                   0
  0.3085                   0
  0.3095                   0
  0.3105                   0
  0.3115                   0
  0.3125                   0
  0.3135                   0
  0.3145                   0
  0.3155                   0
  0.3165                   0
  0.3175                   0
  0.3185                   0
  0.3195                   0
  0.3205                   0
  0.3215                   0
  0.3225                   0
  0.3235                   0
  0.3245                   0
  0.3255                   0
  0.3265                   0
  0.3275                   0
  0.3285                   0
  0.3295                   0
  0.3305                   0
  0.3315                   0
  0.3325                   0
  0.3335                   0
  0.3345                   0
  0.3355                   0
  0.3365                   0
  0.3375                   0
  0.3385                   0
  0.3395                   0
  0.3405                   0
  0.3415                   0
  0.3425                   0
  0.3435                   0
  0.3445                   0
  0.3455                   0
  0.3465                   0
  0.3475                   0
  0.3485                   0
  0.3495                   0
  0.3505                   0
  0.3515                   0
  0.3525                   0
  0.3535                   0
  0.3545                   0
  0.3555                   0
  0.3565                   0
  0.3575                   0
  0.3585                   0
  0.3595                   0
  0.3605                   0
  0.3615                   0
  0.3625                   0
  0.3635                   0
  0.3645                   0
  0.3655                   0
  0.3665                   0
  0.3675                   0
  0.3685                   0
  0.3695                   0
  0.3705                   0
  0.3715                   0
  0.3725                   0
  0.3735                   0
  0.3745                   0
  0.3755                   0
  0.3765                   0
  0.3775                   0
  0.3785                   0
  0.3795                   0
  0.3805                   0
  0.3815                   0
  0.3825                   0
  0.3835                   0
  0.3845                   0
  0.3855                   0
  0.3865                   0
  0.3875                   0
  0.3885                   0
  0.3895                   0
  0.3905                   0
  0.3915                   0
  0.3925                   0
  0.3935                   0
  0.3945                   0
  0.3955                   0
  0.3965                   0
  0.3975                   0
  0.3985                   0
  0.3995                   0
  0.4005                   0
  0.4015                   0
  0.4025                   0
  0.4035                   0
  0.4045                   0
  0.4055                   0
  0.4065                   0
  0.4075                   0
  0.4085                   0
  0.4095                   0
  0.4105                   0
  0.4115                   0
  0.4125                   0
  0.4135                   0
  0.4145                   0
  0.4155                   0
  0.4165                   0
  0.4175                   0
  0.4185                   0
  0.4195                   0
  0.4205                   0
  0.4215                   0
  0.4225                   0
  0.4235                   0
  0.4245                   0
  0.4255                   0
  0.4265                   0
  0.4275                   0
  0.4285                   0
  0.4295                   0
  0.4305                   0
  0.4315                   0
  0.4325                   0
  0.4335                   0
  0.4345                   0
  0.4355                   0
  0.4365                   0
  0.4375                   0
  0.4385                   0
  0.4395                   0
  0.4405                   0
  0.4415                   0
  0.4425                   0
  0.4435                   0
  0.4445                   0
  0.4455                   0
  0.4465                   0
  0.4475                   0
  0.4485                   0
  0.4495                   0
  0.4505                   0
  0.4515                   0
  0.4525                   0
  0.4535                   0
  0.4545                   0
  0.4555                   0
  0.4565                   0
  0.4575                   0
  0.4585                   0
  0.4595                   0
  0.4605                   0
  0.4615                   0
  0.4625                   0
  0.4635                   0
  0.4645                   0
  0.4655                   0
  0.4665                   0
  0.4675                   0
  0.4685                   0
  0.4695                   0
  0.4705                   0
  0.4715                   0
  0.4725                   0
  0.4735                   0
  0.4745                   0
  0.4755                   0
  0.4765                   0
  0.4775                   0
  0.4785                   0
  0.4795                   0
  0.4805                   0
  0.4815                   0
  0.4825                   0
  0.4835                   0
  0.4845                   0
  0.4855                   0
  0.4865                   0
  0.4875                   0
  0.4885                   0
  0.4895                   0
  0.4905                   0
  0.4915                   0
  0.4925                   0
  0.4935                   0
  0.4945                   0
  0.4955                   0
  0.4965                   0
  0.4975                   0
  0.4985                   0
  0.4995                   0
  0.5005                   0
  0.5015                   0
  0.5025                   0
  0.5035                   0
  0.5045                   0
  0.5055                   0
  0.5065                   0
  0.5075                   0
  0.5085                   0
  0.5095                   0
  0.5105                   0
  0.5115                   0
  0.5125                   0
  0.5135                   0
  0.5145                   0
  0.5155                   0
  0.5165                   0
  0.5175                   0
  0.5185                   0
  0.5195                   0
  0.5205                   0
  0.5215                   0
  0.5225                   0
  0.5235                   0
  0.5245                   0
  0.5255                   0
  0.5265                   0
  0.5275                   0
  0.5285                   0
  0.5295                   0
  0.5305                   0
  0.5315                   0
  0.5325                   0
  0.5335                   0
  0.5345                   0
  0.5355                   0
  0.5365                   0
  0.5375                   0
  0.5385                   0
  0.5395                   0
  0.5405                   0
  0.5415                   0
  0.5425                   0
  0.5435                   0
  0.5445                   0
  0.5455                   0
  0.5465                   0
  0.5475                   0
  0.5485                   0
  0.5495                   0
  0.5505                   0
  0.5515                   0
  0.5525                   0
  0.5535                   0
  0.5545                   0
  0.5555                   0
  0.5565                   0
  0.5575                   0
  0.5585                   0
  0.5595                   0
  0.5605                   0
  0.5615                   0
  0.5625                   0
  0.5635                   0
  0.5645                   0
  0.5655                   0
  0.5665                   0
  0.5675                   0
  0.5685                   0
  0.5695                   0
  0.5705                   0
  0.5715                   0
  0.5725                   0
  0.5735                   0
  0.5745                   0
  0.5755                   0
  0.5765                   0
  0.5775                   0
  0.5785                   0
  0.5795                   0
  0.5805                   0
  0.5815                   0
  0.5825                   0
  0.5835                   0
  0.5845                   0
  0.5855                   0
  0.5865                   0
  0.5875                   0
  0.5885                   0
  0.5895                   0
  0.5905                   0
  0.5915                   0
  0.5925                   0
  0.5935                   0
  0.5945                   0
  0.5955                   0
  0.5965                   0
  0.5975                   0
  0.5985                   0
  0.5995                   0
  0.6005                   0
  0.6015                   0
  0.6025                   0
  0.6035                   0
  0.6045                   0
  0.6055                   0
  0.6065                   0
  0.6075                   0
  0.6085                   0
  0.6095                   0
  0.6105                   0
  0.6115                   0
  0.6125                   0
  0.6135                   0
  0.6145                   0
  0.6155                   0
  0.6165                   0
  0.6175                   0
  0.6185                   0
  0.6195                   0
  0.6205                   0
  0.6215                   0
  0.6225                   0
  0.6235                   0
  0.6245                   0
  0.6255                   0
  0.6265                   0
  0.6275                   0
  0.6285                   0
  0.6295                   0
  0.6305                   0
  0.6315                   0
  0.6325                   0
  0.6335                   0
  0.6345                   0
  0.6355                   0
  0.6365                   0
  0.6375                   0
  0.6385                   0
  0.6395                   0
  0.6405                   0
  0.6415                   0
  0.6425                   0
  0.6435                   0
  0.6445                   0
  0.6455                   0
  0.6465                   0
  0.6475                   0
  0.6485                   0
  0.6495                   0
  0.6505                   0
  0.6515                   0
  0.6525                   0
  0.6535                   0
  0.6545                   0
  0.6555                   0
  0.6565                   0
  0.6575                   0
  0.6585                   0
  0.6595                   0
  0.6605                   0
  0.6615                   0
  0.6625                   0
  0.6635                   0
  0.6645                   0
  0.6655                   0
  0.6665                   0
  0.6675                   0
  0.6685                   0
  0.6695                   0
  0.6705                   0
  0.6715                   0
  0.6725                   0
  0.6735                   0
  0.6745                   0
  0.6755                   0
  0.6765                   0
  0.6775                   0
  0.6785                   0
  0.6795                   0
  0.6805                   0
  0.6815                   0
  0.6825                   0
  0.6835                   0
  0.6845                   0
  0.6855                   0
  0.6865                   0
  0.6875                   0
  0.6885                   0
  0.6895                   0
  0.6905                   0
  0.6915                   0
  0.6925                   0
  0.6935                   0
  0.6945                   0
  0.6955                   0
  0.6965                   0
  0.6975                   0
  0.6985                   0
  0.6995                   0
  0.7005                   0
  0.7015                   0
  0.7025                   0
  0.7035                   0
  0.7045                   0
  0.7055                   0
  0.7065                   0
  0.7075                   0
  0.7085                   0
  0.7095                   0
  0.7105                   0
  0.7115                   0
  0.7125                   0
  0.7135                   0
  0.7145                   0
  0.7155                   0
  0.7165                   0
  0.7175                   0
  0.7185                   0
  0.7195                   0
  0.7205                   0
  0.7215                   0
  0.7225                   0
  0.7235                   0
  0.7245                   0
  0.7255                   8
  0.7265                   0
  0.7275                   0
  0.7285                   0
  0.7295                  67
  0.7305                   2
  0.7315                 378
  0.7325                  29
  0.7335                   7
  0.7345                 694
  0.7355                 221
  0.7365                 704
  0.7375                 881
  0.7385                 734
  0.7395                 708
  0.7405                 619
  0.7415                1234
  0.7425                 916
  0.7435                1554
  0.7445                2234
  0.7455                2489
  0.7465                4752
  0.7475                6962
  0.7485                4519
  0.7495                6400
  0.7505                6716
  0.7515               12537
  0.7525               14955
  0.7535               15725
  0.7545               19778
  0.7555               21758
  0.7565               34023
  0.7575               43647
  0.7585               46014
  0.7595               57462
  0.7605               58427
  0.7615               78428
  0.7625               99283
  0.7635              104552
  0.7645              123624
  0.7655              134813
  0.7665              193924
  0.7675              203748
  0.7685              244321
  0.7695              295923
  0.7705              301980
  0.7715              437113
  0.7725              459563
  0.7735              530707
  0.7745              618850
  0.7755              657944
  0.7765              913774
  0.7775              994064
  0.7785             1107626
  0.7795             1270286
  0.7805             1328140
  0.7815             1872783
  0.7825             1947187
  0.7835             2227980
  0.7845             2539523
  0.7855             2870970
  0.7865             3233825
  0.7875             3700781
  0.7885             4185609
  0.7895             4735225
  0.7905             5384662
  0.7915             6074666
  0.7925             6743653
  0.7935             7575559
  0.7945             8475158
  0.7955             9458731
  0.7965            10480984
  0.7975            11618417
  0.7985            12947548
  0.7995            14411067
  0.8005            15875458
  0.8015            17473963
  0.8025            19223350
  0.8035            21259107
  0.8045            23145119
  0.8055            25357038
  0.8065            27604951
  0.8075            30153169
  0.8085            32650306
  0.8095            35426911
  0.8105            38431795
  0.8115            41489723
  0.8125            44623850
  0.8135            48205146
  0.8145            51741486
  0.8155            55341376
  0.8165            59300197
  0.8175            63327145
  0.8185            67551408
  0.8195            71774540
  0.8205            75797741
  0.8215            80466013
  0.8225            85120687
  0.8235            90080558
  0.8245            94613838
  0.8255            99472907
  0.8265           104295574
  0.8275           109042183
  0.8285           113896787
  0.8295           118593783
  0.8305           123703970
  0.8315           128101691
  0.8325           132807506
  0.8335           123427605
  0.8345           155588886
  0.8355           131244980
  0.8365           149344567
  0.8375           168788627
  0.8385           141623738
  0.8395           176590525
  0.8405           147525779
  0.8415           166569839
  0.8425           186447105
  0.8435           154516674
  0.8445           190717985
  0.8455           157765102
  0.8465           193956794
  0.8475           177621060
  0.8485           160624816
  0.8495           196140293
  0.8505           160587542
  0.8515           195948900
  0.8525           176958475
  0.8535           158178751
  0.8545           191995664
  0.8555           155390535
  0.8565           187558795
  0.8575           167802434
  0.8585           148568860
  0.8595           178216056
  0.8605           142768838
  0.8615           170719893
  0.8625           151462405
  0.8635           132668250
  0.8645           157566374
  0.8655           125226466
  0.8665           148223615
  0.8675           129834962
  0.8685           112976235
  0.8695           132844266
  0.8705           104537254
  0.8715           122470930
  0.8725           105859952
  0.8735            91190864
  0.8745           106783285
  0.8755            82678156
  0.8765            96007535
  0.8775            82331882
  0.8785            77621784
  0.8795            73464837
  0.8805            62253009
  0.8815            71501439
  0.8825            60956051
  0.8835            56934173
  0.8845            53055472
  0.8855            44687838
  0.8865            50834640
  0.8875            42759580
  0.8885            39501000
  0.8895            36567331
  0.8905            30511384
  0.8915            34349934
  0.8925            28471190
  0.8935            26158959
  0.8945            24048368
  0.8955            19706519
  0.8965            22017607
  0.8975            18196928
  0.8985            16478459
  0.8995            14930339
  0.9005            12199538
  0.9015            13535267
  0.9025            11007399
  0.9035             9792997
  0.9045             8856833
  0.9055             7208317
  0.9065             7780251
  0.9075             6279854
  0.9085             5612640
  0.9095             4992405
  0.9105             4401298
  0.9115             3909763
  0.9125             3448584
  0.9135             3064252
  0.9145             2650539
  0.9155             2361432
  0.9165             2062342
  0.9175             1809606
  0.9185             1572100
  0.9195             1368359
  0.9205             1190571
  0.9215             1025153
  0.9225              889386
  0.9235              783390
  0.9245              664463
  0.9255              561482
  0.9265              483744
  0.9275              427251
  0.9285              357575
  0.9295              308033
  0.9305              263826
  0.9315              219783
  0.9325              188225
  0.9335              156119
  0.9345              131918
  0.9355              111280
  0.9365               94564
  0.9375               78025
  0.9385               66652
  0.9395               56794
  0.9405               45764
  0.9415               39734
  0.9425               32717
  0.9435               26391
  0.9445               23755
  0.9455               18249
  0.9465               15754
  0.9475               12823
  0.9485               10494
  0.9495                8326
  0.9505                6426
  0.9515                4993
  0.9525                4956
  0.9535                3685
  0.9545                3620
  0.9555                1832
  0.9565                1857
  0.9575                1528
  0.9585                1353
  0.9595                1173
  0.9605                 924
  0.9615                 777
  0.9625                 740
  0.9635                 345
  0.9645                 383
  0.9655                 251
  0.9665                 207
  0.9675                 271
  0.9685                 142
  0.9695                  87
  0.9705                  66
  0.9715                 255
  0.9725                  81
  0.9735                  38
  0.9745                   0
  0.9755                   4
  0.9765                  23
  0.9775                  51
  0.9785                  20
  0.9795                  56
  0.9805                   0
  0.9815                  26
  0.9825                   0
  0.9835                   0
  0.9845                   0
  0.9855                   0
  0.9865                   0
  0.9875                   0
  0.9885                   0
  0.9895                   2
  0.9905                   0
  0.9915                   0
  0.9925                   0
  0.9935                   0
  0.9945                   0
  0.9955                   0
  0.9965                   0
  0.9975                   0
  0.9985                   0
  0.9995                   0
  1.0005                   0
  1.0015                   0
  1.0025                   0
  1.0035                   0
  1.0045                   0
  1.0055                   0
  1.0065                   0
  1.0075                   0
  1.0085                   0
  1.0095                   0
  1.0105                   0
  1.0115                   0
  1.0125                   0
  1.0135                   0
  1.0145                   0
  1.0155                   0
  1.0165                   0
  1.0175                   0
  1.0185                   0
  1.0195                   0
  1.0205                   0
  1.0215                   0
  1.0225                   0
  1.0235                   0
  1.0245                   0
  1.0255                   0
  1.0265                   0
  1.0275                   0
  1.0285                   0
  1.0295                   0
  1.0305                   0
  1.0315                   0
  1.0325                   0
  1.0335                   0
  1.0345                   0
  1.0355                   0
  1.0365                   0
  1.0375                   0
  1.0385                   0
  1.0395                   0
  1.0405                   0
  1.0415                   0
  1.0425                   0
  1.0435                   0
  1.0445                   0
  1.0455                   0
  1.0465                   0
  1.0475                   0
  1.0485                   0
  1.0495                   0
  1.0505                   0
  1.0515                   0
  1.0525                   0
  1.0535                   0
  1.0545                   0
  1.0555                   0
  1.0565                   0
  1.0575                   0
  1.0585                   0
  1.0595                   0
  1.0605                   0
  1.0615                   0
  1.0625                   0
  1.0635                   0
  1.0645                   0
  1.0655                   0
  1.0665                   0
  1.0675                   0
  1.0685                   0
  1.0695                   0
  1.0705                   0
  1.0715                   0
  1.0725                   0
  1.0735                   0
  1.0745                   0
  1.0755                   0
  1.0765                   0
  1.0775                   0
  1.0785                   0
  1.0795                   0
  1.0805                   0
  1.0815                   0
  1.0825                   0
  1.0835                   0
  1.0845                   0
  1.0855                   0
  1.0865                   0
  1.0875                   0
  1.0885                   0
  1.0895                   0
  1.0905                   0
  1.0915                   0
  1.0925                   0
  1.0935                   0
  1.0945                   0
  1.0955                   0
  1.0965                   0
  1.0975                   0
  1.0985                   0
  1.0995                   0
  1.1005                   0
  1.1015                   0
  1.1025                   0
  1.1035                   0
  1.1045                   0
  1.1055                   0
  1.1065                   0
  1.1075                   0
  1.1085                   0
  1.1095                   0
  1.1105                   0
  1.1115                   0
  1.1125                   0
  1.1135                   0
  1.1145                   0
  1.1155                   0
  1.1165                   0
  1.1175                   0
  1.1185                   0
  1.1195                   0
  1.1205                   0
  1.1215                   0
  1.1225                   0
  1.1235                   0
  1.1245                   0
  1.1255                   0
  1.1265                   0
  1.1275                   0
  1.1285                   0
  1.1295                   0
  1.1305                   0
  1.1315                   0
  1.1325                   0
  1.1335                   0
  1.1345                   0
  1.1355                   0
  1.1365                   0
  1.1375                   0
  1.1385                   0
  1.1395                   0
  1.1405                   0
  1.1415                   0
  1.1425                   0
  1.1435                   0
  1.1445                   0
  1.1455                   0
  1.1465                   0
  1.1475                   0
  1.1485                   0
  1.1495                   0
  1.1505                   0
  1.1515                   0
  1.1525                   0
  1.1535                   0
  1.1545                   0
  1.1555                   0
  1.1565                   0
  1.1575                   0
  1.1585                   0
  1.1595                   0
  1.1605                   0
  1.1615                   0
  1.1625                   0
  1.1635                   0
  1.1645                   0
  1.1655                   0
  1.1665                   0
  1.1675                   0
  1.1685                   0
  1.1695                   0
  1.1705                   0
  1.1715                   0
  1.1725                   0
  1.1735                   0
  1.1745                   0
  1.1755                   0
  1.1765                   0
  1.1775                   0
  1.1785                   0
  1.1795                   0
  1.1805                   0
  1.1815                   0
  1.1825                   0
  1.1835                   0
  1.1845                   0
  1.1855                   0
  1.1865                   0
  1.1875                   0
  1.1885                   0
  1.1895                   0
  1.1905                   0
  1.1915                   0
  1.1925                   0
  1.1935                   0
  1.1945                   0
  1.1955                   0
  1.1965                   0
  1.1975                   0
  1.1985                   0
  1.1995                   0
  1.2005                   0
  1.2015                   0
  1.2025                   0
  1.2035                   0
  1.2045                   0
  1.2055                   0
  1.2065                   0
  1.2075                   0
  1.2085                   0
  1.2095                   0
  1.2105                   0
  1.2115                   0
  1.2125                   0
  1.2135                   0
  1.2145                   0
  1.2155                   0
  1.2165                   0
  1.2175                   0
  1.2185                   0
  1.2195                   0
  1.2205                   0
  1.2215                   0
  1.2225                   0
  1.2235                   0
  1.2245                   0
  1.2255                   0
  1.2265                   0
  1.2275                   0
  1.2285                   0
  1.2295                   0
  1.2305                   0
  1.2315                   0
  1.2325                   0
  1.2335                   0
  1.2345                   0
  1.2355                   0
  1.2365                   0
  1.2375                   0
  1.2385                   0
  1.2395                   0
  1.2405                   0
  1.2415                   0
  1.2425                   0
  1.2435                   0
  1.2445                   0
  1.2455                   0
  1.2465                   0
  1.2475                   0
  1.2485                   0
  1.2495                   0
  1.2505                   0
  1.2515                   0
  1.2525                   0
  1.2535                   0
  1.2545                   0
  1.2555                   0
  1.2565                   0
  1.2575                   0
  1.2585                   0
  1.2595                   0
  1.2605                   0
  1.2615                   0
  1.2625                   0
  1.2635                   0
  1.2645                   0
  1.2655                   0
  1.2665                   0
  1.2675                   0
  1.2685                   0
  1.2695                   0
  1.2705                   0
  1.2715                   0
  1.2725                   0
  1.2735                   0
  1.2745                   0
  1.2755                   0
  1.2765                   0
  1.2775                   0
  1.2785                   0
  1.2795                   0
  1.2805                   0
  1.2815                   0
  1.2825                   0
  1.2835                   0
  1.2845                   0
  1.2855                   0
  1.2865                   0
  1.2875                   0
  1.2885                   0
  1.2895                   0
  1.2905                   0
  1.2915                   0
  1.2925                   0
  1.2935                   0
  1.2945                   0
  1.2955                   0
  1.2965                   0
  1.2975                   0
  1.2985                   0
  1.2995                   0
  1.3005                   0
  1.3015                   0
  1.3025                   0
  1.3035                   0
  1.3045                   0
  1.3055                   0
  1.3065                   0
  1.3075                   0
  1.3085                   0
  1.3095                   0
  1.3105                   0
  1.3115                   0
  1.3125                   0
  1.3135                   0
  1.3145                   0
  1.3155                   0
  1.3165                   0
  1.3175                   0
  1.3185                   0
  1.3195                   0
  1.3205                   0
  1.3215                   0
  1.3225                   0
  1.3235                   0
  1.3245                   0
  1.3255                   0
  1.3265                   0
  1.3275                   0
  1.3285                   0
  1.3295                   0
  1.3305                   0
  1.3315                   0
  1.3325                   0
  1.3335                   0
  1.3345                   0
  1.3355                   0
  1.3365                   0
  1.3375                   0
  1.3385                   0
  1.3395                   0
  1.3405                   0
  1.3415                   0
  1.3425                   0
  1.3435                   0
  1.3445                   0
  1.3455                   0
  1.3465                   0
  1.3475                   0
  1.3485                   0
  1.3495                   0
  1.3505                   0
  1.3515                   0
  1.3525                   0
  1.3535                   0
  1.3545                   0
  1.3555                   0
  1.3565                   0
  1.3575                   0
  1.3585                   0
  1.3595                   0
  1.3605                   0
  1.3615                   0
  1.3625                   0
  1.3635                   0
  1.3645                   0
  1.3655                   0
  1.3665                   0
  1.3675                   0
  1.3685                   0
  1.3695                   0
  1.3705                   0
  1.3715                   0
  1.3725                   0
  1.3735                   0
  1.3745                   0
  1.3755                   0
  1.3765                   0
  1.3775                   0
  1.3785                   0
  1.3795                   0
  1.3805                   0
  1.3815                   0
  1.3825                   0
  1.3835                   0
  1.3845                   0
  1.3855                   0
  1.3865                   0
  1.3875                   0
  1.3885                   0
  1.3895                   0
  1.3905                   0
  1.3915                   0
  1.3925                   0
  1.3935                   0
  1.3945                   0
  1.3955                   0
  1.3965                   0
  1.3975                   0
  1.3985                   0
  1.3995                   0
  1.4005                   0
  1.4015                   0
  1.4025                   0
  1.4035                   0
  1.4045                   0
  1.4055                   0
  1.4065                   0
  1.4075                   0
  1.4085                   0
  1.4095                   0
  1.4105                   0
  1.4115                   0
  1.4125                   0
  1.4135                   0
  1.4145                   0
  1.4155                   0
  1.4165                   0
  1.4175                   0
  1.4185                   0
  1.4195                   0
  1.4205                   0
  1.4215                   0
  1.4225                   0
  1.4235                   0
  1.4245                   0
  1.4255                   0
  1.4265                   0
  1.4275                   0
  1.4285                   0
  1.4295                   0
  1.4305                   0
  1.4315                   0
  1.4325                   0
  1.4335                   0
  1.4345                   0
  1.4355                   0
  1.4365                   0
  1.4375                   0
  1.4385                   0
  1.4395                   0
  1.4405                   0
  1.4415                   0
  1.4425                   0
  1.4435                   0
  1.4445                   0
  1.4455                   0
  1.4465                   0
  1.4475                   0
  1.4485                   0
  1.4495                   0
  1.4505                   0
  1.4515                   0
  1.4525                   0
  1.4535                   0
  1.4545                   0
  1.4555                   0
  1.4565                   0
  1.4575                   0
  1.4585                   0
  1.4595                   0
  1.4605                   0
  1.4615                   0
  1.4625                   0
  1.4635                   0
  1.4645                   0
  1.4655                   0
  1.4665                   0
  1.4675                   0
  1.4685                   0
  1.4695                   0
  1.4705                   0
  1.4715                   0
  1.4725                   0
  1.4735                   0
  1.4745                   0
  1.4755                   0
  1.4765                   0
  1.4775                   0
  1.4785                   0
  1.4795                   0
  1.4805                   0
  1.4815                   0
  1.4825                   0
  1.4835                   0
  1.4845                   0
  1.4855                   0
  1.4865                   0
  1.4875                   0
  1.4885                   0
  1.4895                   0
  1.4905                   0
  1.4915                   0
  1.4925                   0
  1.4935                   0
  1.4945                   0
  1.4955                   0
  1.4965                   0
  1.4975                   0
  1.4985                   0
  1.4995                   0
  1.5005                   0
  1.5015                   0
  1.5025                   0
  1.5035                   0
  1.5045                   0
  1.5055                   0
  1.5065                   0
  1.5075                   0
  1.5085                   0
  1.5095                   0
  1.5105                   0
  1.5115                   0
  1.5125                   0
  1.5135                   0
  1.5145                   0
  1.5155                   0
  1.5165                   0
  1.5175                   0
  1.5185                   0
  1.5195                   0
  1.5205                   0
  1.5215                   0
  1.5225                   0
  1.5235                   0
  1.5245                   0
  1.5255                   0
  1.5265                   0
  1.5275                   0
  1.5285                   0
  1.5295                   0
  1.5305                   0
  1.5315                   0
  1.5325                   0
  1.5335                   0
  1.5345                   0
  1.5355                   0
  1.5365                   0
  1.5375                   0
  1.5385                   0
  1.5395                   0
  1.5405                   0
  1.5415                   0
  1.5425                   0
  1.5435                   0
  1.5445                   0
  1.5455                   0
  1.5465                   0
  1.5475                   0
  1.5485                   0
  1.5495                   0
  1.5505                   0
  1.5515                   0
  1.5525                   0
  1.5535                   0
  1.5545                   0
  1.5555                   0
  1.5565                   0
  1.5575                   0
  1.5585                   0
  1.5595                   0
  1.5605                   0
  1.5615                   0
  1.5625                   0
  1.5635                   0
  1.5645                   0
  1.5655                   0
  1.5665                   0
  1.5675                   0
  1.5685                   0
  1.5695                   0
  1.5705                   0
  1.5715                   0
  1.5725                   0
  1.5735                   0
  1.5745                   0
  1.5755                   0
  1.5765                   0
  1.5775                   0
  1.5785                   0
  1.5795                   0
  1.5805                   0
  1.5815                   0
  1.5825                   0
  1.5835                   0
  1.5845                   0
  1.5855                   0
  1.5865                   0
  1.5875                   0
  1.5885                   0
  1.5895                   0
  1.5905                   0
  1.5915                   0
  1.5925                   0
  1.5935                   0
  1.5945                   0
  1.5955                   0
  1.5965                   0
  1.5975                   0
  1.5985                   0
  1.5995                   0
  1.6005                   0
  1.6015                   0
  1.6025                   0
  1.6035                   0
  1.6045                   0
  1.6055                   0
  1.6065                   0
  1.6075                   0
  1.6085                   0
  1.6095                   0
  1.6105                   0
  1.6115                   0
  1.6125                   0
  1.6135                   0
  1.6145                   0
  1.6155                   0
  1.6165                   0
  1.6175                   0
  1.6185                   0
  1.6195                   0
  1.6205                   0
  1.6215                   0
  1.6225                   0
  1.6235                   0
  1.6245                   0
  1.6255                   0
  1.6265                   0
  1.6275                   0
  1.6285                   0
  1.6295                   0
  1.6305                   0
  1.6315                   0
  1.6325                   0
  1.6335                   0
  1.6345                   0
  1.6355                   0
  1.6365                   0
  1.6375                   0
  1.6385                   0
  1.6395                   0
  1.6405                   0
  1.6415                   0
  1.6425                   0
  1.6435                   0
  1.6445                   0
  1.6455                   0
  1.6465                   0
  1.6475                   0
  1.6485                   0
  1.6495                   0
  1.6505                   0
  1.6515                   0
  1.6525                   0
  1.6535                   0
  1.6545                   0
  1.6555                   0
  1.6565                   0
  1.6575                   0
  1.6585                   0
  1.6595                   0
  1.6605                   0
  1.6615                   0
  1.6625                   0
  1.6635                   0
  1.6645                   0
  1.6655                   0
  1.6665                   0
  1.6675                   0
  1.6685                   0
  1.6695                   0
  1.6705                   0
  1.6715                   0
  1.6725                   0
  1.6735                   0
  1.6745                   0
  1.6755                   0
  1.6765                   0
  1.6775                   0
  1.6785                   0
  1.6795                   0
  1.6805                   0
  1.6815                   0
  1.6825                   0
  1.6835                   0
  1.6845                   0
  1.6855                   0
  1.6865                   0
  1.6875                   0
  1.6885                   0
  1.6895                   0
  1.6905                   0
  1.6915                   0
  1.6925                   0
  1.6935                   0
  1.6945                   0
  1.6955                   0
  1.6965                   0
  1.6975                   0
  1.6985                   0
  1.6995                   0
  1.7005                   0
  1.7015                   0
  1.7025                   0
  1.7035                   0
  1.7045                   0
  1.7055                   0
  1.7065                   0
  1.7075                   0
  1.7085                   0
  1.7095                   0
  1.7105                   0
  1.7115                   0
  1.7125                   0
  1.7135                   0
  1.7145                   0
  1.7155                   0
  1.7165                   0
  1.7175                   0
  1.7185                   0
  1.7195                   0
  1.7205                   0
  1.7215                   0
  1.7225                   0
  1.7235                   0
  1.7245                   0
  1.7255                   0
  1.7265                   0
  1.7275                   0
  1.7285                   0
  1.7295                   0
  1.7305                   0
  1.7315                   0
  1.7325                   0
  1.7335                   0
  1.7345                   0
  1.7355                   0
  1.7365                   0
  1.7375                   0
  1.7385                   0
  1.7395                   0
  1.7405                   0
  1.7415                   0
  1.7425                   0
  1.7435                   0
  1.7445                   0
  1.7455                   0
  1.7465                   0
  1.7475                   0
  1.7485                   0
  1.7495                   0
  1.7505                   0
  1.7515                   0
  1.7525                   0
  1.7535                   0
  1.7545                   0
  1.7555                   0
  1.7565                   0
  1.7575                   0
  1.7585                   0
  1.7595                   0
  1.7605                   0
  1.7615                   0
  1.7625                   0
  1.7635                   0
  1.7645                   0
  1.7655                   0
  1.7665                   0
  1.7675                   0
  1.7685                   0
  1.7695                   0
  1.7705                   0
  1.7715                   0
  1.7725                   0
  1.7735                   0
  1.7745                   0
  1.7755                   0
  1.7765                   0
  1.7775                   0
  1.7785                   0
  1.7795                   0
  1.7805                   0
  1.7815                   0
  1.7825                   0
  1.7835                   0
  1.7845                   0
  1.7855                   0
  1.7865                   0
  1.7875                   0
  1.7885                   0
  1.7895                   0
  1.7905                   0
  1.7915                   0
  1.7925                   0
  1.7935                   0
  1.7945                   0
  1.7955                   0
  1.7965                   0
  1.7975                   0
  1.7985                   0
  1.7995                   0
  1.8005                   0
  1.8015                   0
  1.8025                   0
  1.8035                   0
  1.8045                   0
  1.8055                   0
  1.8065                   0
  1.8075                   0
  1.8085                   0
  1.8095                   0
  1.8105                   0
  1.8115                   0
  1.8125                   0
  1.8135                   0
  1.8145                   0
  1.8155                   0
  1.8165                   0
  1.8175                   0
  1.8185                   0
  1.8195                   0
  1.8205                   0
  1.8215                   0
  1.8225                   0
  1.8235                   0
  1.8245                   0
  1.8255                   0
  1.8265                   0
  1.8275                   0
  1.8285                   0
  1.8295                   0
  1.8305                   0
  1.8315                   0
  1.8325                   0
  1.8335                   0
  1.8345                   0
  1.8355                   0
  1.8365                   0
  1.8375                   0
  1.8385                   0
  1.8395                   0
  1.8405                   0
  1.8415                   0
  1.8425                   0
  1.8435                   0
  1.8445                   0
  1.8455                   0
  1.8465                   0
  1.8475                   0
  1.8485                   0
  1.8495                   0
  1.8505                   0
  1.8515                   0
  1.8525                   0
  1.8535                   0
  1.8545                   0
  1.8555                   0
  1.8565                   0
  1.8575                   0
  1.8585                   0
  1.8595                   0
  1.8605                   0
  1.8615                   0
  1.8625                   0
  1.8635                   0
  1.8645                   0
  1.8655                   0
  1.8665                   0
  1.8675                   0
  1.8685                   0
  1.8695                   0
  1.8705                   0
  1.8715                   0
  1.8725                   0
  1.8735                   0
  1.8745                   0
  1.8755                   0
  1.8765                   0
  1.8775                   0
  1.8785                   0
  1.8795                   0
  1.8805                   0
  1.8815                   0
  1.8825                   0
  1.8835                   0
  1.8845                   0
  1.8855                   0
  1.8865                   0
  1.8875                   0
  1.8885                   0
  1.8895                   0
  1.8905                   0
  1.8915                   0
  1.8925                   0
  1.8935                   0
  1.8945                   0
  1.8955                   0
  1.8965                   0
  1.8975                   0
  1.8985                   0
  1.8995                   0
  1.9005                   0
  1.9015                   0
  1.9025                   0
  1.9035                   0
  1.9045                   0
  1.9055                   0
  1.9065                   0
  1.9075                   0
  1.9085                   0
  1.9095                   0
  1.9105                   0
  1.9115                   0
  1.9125                   0
  1.9135                   0
  1.9145                   0
  1.9155                   0
  1.9165                   0
  1.9175                   0
  1.9185                   0
  1.9195                   0
  1.9205                   0
  1.9215                   0
  1.9225                   0
  1.9235                   0
  1.9245                   0
  1.9255                   0
  1.9265                   0
  1.9275                   0
  1.9285                   0
  1.9295                   0
  1.9305                   0
  1.9315                   0
  1.9325                   0
  1.9335                   0
  1.9345                   0
  1.9355                   0
  1.9365                   0
  1.9375                   0
  1.9385                   0
  1.9395                   0
  1.9405                   0
  1.9415                   0
  1.9425                   0
  1.9435                   0
  1.9445                   0
  1.9455                   0
  1.9465                   0
  1.9475                   0
  1.9485                   0
  1.9495                   0
  1.9505                   0
  1.9515                   0
  1.9525                   0
  1.9535                   0
  1.9545                   0
  1.9555                   0
  1.9565                   0
  1.9575                   0
  1.9585                   0
  1.9595                   0
  1.9605                   0
  1.9615                   0
  1.9625                   0
  1.9635                   0
  1.9645                   0
  1.9655                   0
  1.9665                   0
  1.9675                   0
  1.9685                   0
  1.9695                   0
  1.9705                   0
  1.9715                   0
  1.9725                   0
  1.9735                   0
  1.9745                   0
  1.9755                   0
  1.9765                   0
  1.9775                   0
  1.9785                   0
  1.9795                   0
  1.9805                   0
  1.9815                   0
  1.9825                   0
  1.9835                   0
  1.9845                   0
  1.9855                   0
  1.9865                   0
  1.9875                   0
  1.9885                   0
  1.9895                   0
  1.9905                   0
  1.9915                   0
  1.9925                   0
  1.9935                   0
  1.9945                   0
  1.9955                   0
  1.9965                   0
  1.9975                   0
  1.9985                   0
  1.9995                   0
  2.0005                   0
