  0.0005                   0
  0.0015                   0
  0.0025                   0
  0.0035                   0
  0.0045                   0
  0.0055                   0
  0.0065                   0
  0.0075                   0
  0.0085                   0
  0.0095                   0
  0.0105                   0
  0.0115                   0
  0.0125                   0
  0.0135                   0
  0.0145                   0
  0.0155                   0
  0.0165                   0
  0.0175                   0
  0.0185                   0
  0.0195                   0
  0.0205                   0
  0.0215                   0
  0.0225                   0
  0.0235                   0
  0.0245                   0
  0.0255                   0
  0.0265                   0
  0.0275                   0
  0.0285                   0
  0.0295                   0
  0.0305                   0
  0.0315                   0
  0.0325                   0
  0.0335                   0
  0.0345                   0
  0.0355                   0
  0.0365                   0
  0.0375                   0
  0.0385                   0
  0.0395                   0
  0.0405                   0
  0.0415                   0
  0.0425                   0
  0.0435                   0
  0.0445                   0
  0.0455                   0
  0.0465                   0
  0.0475                   0
  0.0485                   0
  0.0495                   0
  0.0505                   0
  0.0515                   0
  0.0525                   0
  0.0535                   0
  0.0545                   0
  0.0555                   0
  0.0565                   0
  0.0575                   0
  0.0585                   0
  0.0595                   0
  0.0605                   0
  0.0615                   0
  0.0625                   0
  0.0635                   0
  0.0645                   0
  0.0655                   0
  0.0665                   0
  0.0675                   0
  0.0685                   0
  0.0695                   0
  0.0705                   0
  0.0715                   0
  0.0725                   0
  0.0735                   0
  0.0745                   0
  0.0755                   0
  0.0765                   0
  0.0775                   0
  0.0785                   0
  0.0795                   0
  0.0805                   0
  0.0815                   0
  0.0825                   0
  0.0835                   0
  0.0845                   0
  0.0855                   0
  0.0865                   0
  0.0875                   0
  0.0885                   0
  0.0895                   0
  0.0905                   0
  0.0915                   0
  0.0925                   0
  0.0935                   0
  0.0945                   0
  0.0955                   0
  0.0965                   0
  0.0975                   0
  0.0985                   0
  0.0995                   0
  0.1005                   0
  0.1015                   0
  0.1025                   0
  0.1035                   0
  0.1045                   0
  0.1055                   0
  0.1065                   0
  0.1075                   0
  0.1085                   0
  0.1095                   0
  0.1105                   0
  0.1115                   0
  0.1125                   0
  0.1135                   0
  0.1145                   0
  0.1155                   0
  0.1165                   0
  0.1175                   0
  0.1185                   0
  0.1195                   0
  0.1205                   0
  0.1215                   0
  0.1225                   0
  0.1235                   0
  0.1245                   0
  0.1255                   0
  0.1265                   0
  0.1275                   0
  0.1285                   0
  0.1295                   0
  0.1305                   0
  0.1315                   0
  0.1325                   0
  0.1335                   0
  0.1345                   0
  0.1355                   0
  0.1365                   0
  0.1375                   0
  0.1385                   0
  0.1395                   0
  0.1405                   0
  0.1415                   0
  0.1425                   0
  0.1435                   0
  0.1445                   0
  0.1455                   0
  0.1465                   0
  0.1475                   0
  0.1485                   0
  0.1495                   0
  0.1505                   0
  0.1515                   0
  0.1525                   0
  0.1535                   0
  0.1545                   0
  0.1555                   0
  0.1565                   0
  0.1575                   0
  0.1585                   0
  0.1595                   0
  0.1605                   0
  0.1615                   0
  0.1625                   0
  0.1635                   0
  0.1645                   0
  0.1655                   0
  0.1665                   0
  0.1675                   0
  0.1685                   0
  0.1695                   0
  0.1705                   0
  0.1715                   0
  0.1725                   0
  0.1735                   0
  0.1745                   0
  0.1755                   0
  0.1765                   0
  0.1775                   0
  0.1785                   0
  0.1795                   0
  0.1805                   0
  0.1815                   0
  0.1825                   0
  0.1835                   0
  0.1845                   0
  0.1855                   0
  0.1865                   0
  0.1875                   0
  0.1885                   0
  0.1895                   0
  0.1905                   0
  0.1915                   0
  0.1925                   0
  0.1935                   0
  0.1945                   0
  0.1955                   0
  0.1965                   0
  0.1975                   0
  0.1985                   0
  0.1995                   0
  0.2005                   0
  0.2015                   0
  0.2025                   0
  0.2035                   0
  0.2045                   0
  0.2055                   0
  0.2065                   0
  0.2075                   0
  0.2085                   0
  0.2095                   0
  0.2105                   0
  0.2115                   0
  0.2125                   0
  0.2135                   0
  0.2145                   0
  0.2155                   0
  0.2165                   0
  0.2175                   0
  0.2185                   0
  0.2195                   0
  0.2205                   0
  0.2215                   0
  0.2225                   0
  0.2235                   0
  0.2245                   0
  0.2255                   0
  0.2265                   0
  0.2275                   0
  0.2285                   0
  0.2295                   0
  0.2305                   0
  0.2315                   0
  0.2325                   0
  0.2335                   0
  0.2345                   0
  0.2355                   0
  0.2365                   0
  0.2375                   0
  0.2385                   0
  0.2395                   0
  0.2405                   0
  0.2415                   0
  0.2425                   0
  0.2435                   0
  0.2445                   0
  0.2455                   0
  0.2465                   0
  0.2475                   0
  0.2485                   0
  0.2495                   0
  0.2505                   0
  0.2515                   0
  0.2525                   0
  0.2535                   0
  0.2545                   0
  0.2555                   0
  0.2565                   0
  0.2575                   0
  0.2585                   0
  0.2595                   0
  0.2605                   0
  0.2615                   0
  0.2625                   0
  0.2635                   0
  0.2645                   0
  0.2655                   0
  0.2665                   0
  0.2675                   0
  0.2685                   0
  0.2695                   0
  0.2705                   0
  0.2715                   0
  0.2725                   0
  0.2735                   0
  0.2745                   0
  0.2755                   0
  0.2765                   0
  0.2775                   0
  0.2785                   0
  0.2795                   0
  0.2805                   0
  0.2815                   0
  0.2825                   0
  0.2835                   0
  0.2845                   0
  0.2855                   0
  0.2865                   0
  0.2875                   0
  0.2885                   0
  0.2895                   0
  0.2905                   0
  0.2915                   0
  0.2925                   0
  0.2935                   0
  0.2945                   0
  0.2955                   0
  0.2965                   0
  0.2975                   0
  0.2985                   0
  0.2995                   0
  0.3005                   0
  0.3015                   0
  0.3025                   0
  0.3035                   0
  0.3045                   0
  0.3055                   0
  0.3065                   0
  0.3075                   0
  0.3085                   0
  0.3095                   0
  0.3105                   0
  0.3115                   0
  0.3125                   0
  0.3135                   0
  0.3145                   0
  0.3155                   0
  0.3165                   0
  0.3175                   0
  0.3185                   0
  0.3195                   0
  0.3205                   0
  0.3215                   0
  0.3225                   0
  0.3235                   0
  0.3245                   0
  0.3255                  19
  0.3265                  59
  0.3275                  73
  0.3285                  73
  0.3295                 298
  0.3305                 265
  0.3315                 401
  0.3325                 293
  0.3335                 438
  0.3345                 546
  0.3355                 662
  0.3365                 725
  0.3375                1708
  0.3385                 674
  0.3395                 280
  0.3405                1941
  0.3415                1968
  0.3425                1388
  0.3435                2549
  0.3445                2477
  0.3455                4398
  0.3465                3509
  0.3475                4953
  0.3485                5818
  0.3495                7395
  0.3505                7705
  0.3515                9879
  0.3525               11527
  0.3535               17968
  0.3545               18783
  0.3555               22544
  0.3565               29946
  0.3575               37961
  0.3585               47269
  0.3595               51459
  0.3605               64453
  0.3615               70000
  0.3625               93228
  0.3635              121773
  0.3645              129751
  0.3655              158796
  0.3665              160281
  0.3675              208102
  0.3685              268727
  0.3695              281539
  0.3705              333863
  0.3715              361150
  0.3725              447747
  0.3735              588314
  0.3745              629371
  0.3755              745080
  0.3765              841719
  0.3775              857069
  0.3785             1229797
  0.3795             1306614
  0.3805             1487002
  0.3815             1718368
  0.3825             1776341
  0.3835             2449448
  0.3845             2555755
  0.3855             2928545
  0.3865             3326883
  0.3875             3355188
  0.3885             4616132
  0.3895             4795142
  0.3905             5326162
  0.3915             5989724
  0.3925             6762070
  0.3935             7512431
  0.3945             8514021
  0.3955             9476617
  0.3965            10511740
  0.3975            11621175
  0.3985            12874352
  0.3995            14391797
  0.4005            15852338
  0.4015            17449149
  0.4025            19269067
  0.4035            20967308
  0.4045            22990081
  0.4055            25156182
  0.4065            27608889
  0.4075            30077140
  0.4085            32647205
  0.4095            35372952
  0.4105            38345349
  0.4115            41450816
  0.4125            44787082
  0.4135            48055558
  0.4145            51585727
  0.4155            55449734
  0.4165            53117614
  0.4175            62806678
  0.4185            74107668
  0.4195            71569739
  0.4205            68327878
  0.4215            80217283
  0.4225            84753421
  0.4235            98626943
  0.4245            94552595
  0.4255            99503762
  0.4265            93592965
  0.4275           108544570
  0.4285           124883799
  0.4295           118440059
  0.4305           123550212
  0.4315           115254698
  0.4325           132270772
  0.4335           150561325
  0.4345           141410899
  0.4355           145886016
  0.4365           134680748
  0.4375           153144443
  0.4385           172915135
  0.4395           160858038
  0.4405           163612117
  0.4415           166703719
  0.4425           152218389
  0.4435           188683732
  0.4445           173406412
  0.4455           175166179
  0.4465           176605049
  0.4475           159340771
  0.4485           195966689
  0.4495           178404441
  0.4505           178331692
  0.4515           177665687
  0.4525           159226486
  0.4535           193473734
  0.4545           174584238
  0.4555           172325539
  0.4565           170130451
  0.4575           167927519
  0.4585           165163361
  0.4595           162395480
  0.4605           158785259
  0.4615           155045225
  0.4625           151564548
  0.4635           147467960
  0.4645           143329781
  0.4655           139110219
  0.4665           134529500
  0.4675           130187713
  0.4685           125436166
  0.4695           120540647
  0.4705           115693481
  0.4715           111273544
  0.4725           106376356
  0.4735           101286653
  0.4745            96364722
  0.4755            91710641
  0.4765            87156729
  0.4775            82311892
  0.4785            77808735
  0.4795            73484211
  0.4805            62401344
  0.4815            65365464
  0.4825            61238907
  0.4835            62947375
  0.4845            53190529
  0.4855            49582337
  0.4865            41675456
  0.4875            43063964
  0.4885            43774650
  0.4895            36659574
  0.4905            33724603
  0.4915            28029806
  0.4925            28860117
  0.4935            28957127
  0.4945            23918336
  0.4955            21947135
  0.4965            18119489
  0.4975            18305453
  0.4985            18203905
  0.4995            14994091
  0.5005            13537907
  0.5015            12202143
  0.5025            11056144
  0.5035             9863781
  0.5045             8871468
  0.5055             7925628
  0.5065             7097233
  0.5075             6314127
  0.5085             5630631
  0.5095             4969457
  0.5105             4417441
  0.5115             3904179
  0.5125             3438887
  0.5135             3046441
  0.5145             2668766
  0.5155             2342826
  0.5165             2054313
  0.5175             1792502
  0.5185             1572573
  0.5195             1377531
  0.5205             1199728
  0.5215             1039633
  0.5225              896428
  0.5235              769981
  0.5245              657404
  0.5255              564428
  0.5265              495871
  0.5275              411649
  0.5285              362035
  0.5295              303073
  0.5305              253395
  0.5315              216679
  0.5325              185816
  0.5335              159603
  0.5345              132194
  0.5355              115526
  0.5365               92991
  0.5375               82760
  0.5385               66808
  0.5395               56722
  0.5405               47147
  0.5415               40275
  0.5425               31889
  0.5435               27700
  0.5445               21832
  0.5455               18411
  0.5465               16178
  0.5475               12909
  0.5485                9567
  0.5495                8799
  0.5505                6635
  0.5515                5639
  0.5525                4836
  0.5535                3417
  0.5545                3445
  0.5555                2619
  0.5565                2051
  0.5575                1416
  0.5585                1655
  0.5595                 998
  0.5605                1073
  0.5615                 724
  0.5625                 516
  0.5635                 430
  0.5645                 482
  0.5655                 320
  0.5665                 233
  0.5675                  98
  0.5685                  19
  0.5695                  94
  0.5705                  91
  0.5715                  54
  0.5725                  92
  0.5735                  12
  0.5745                 109
  0.5755                   9
  0.5765                  25
  0.5775                  15
  0.5785                  86
  0.5795                   0
  0.5805                   0
  0.5815                   0
  0.5825                   0
  0.5835                   4
  0.5845                   0
  0.5855                   6
  0.5865                   0
  0.5875                   0
  0.5885                   4
  0.5895                   0
  0.5905                   0
  0.5915                   0
  0.5925                   0
  0.5935                   0
  0.5945                   0
  0.5955                   0
  0.5965                   0
  0.5975                   0
  0.5985                   0
  0.5995                   0
  0.6005                   0
  0.6015                   0
  0.6025                   0
  0.6035                   0
  0.6045                   0
  0.6055                   0
  0.6065                   0
  0.6075                   0
  0.6085                   0
  0.6095                   0
  0.6105                   0
  0.6115                   0
  0.6125                   0
  0.6135                   0
  0.6145                   0
  0.6155                   0
  0.6165                   0
  0.6175                   0
  0.6185                   0
  0.6195                   0
  0.6205                   0
  0.6215                   0
  0.6225                   0
  0.6235                   0
  0.6245                   0
  0.6255                   0
  0.6265                   0
  0.6275                   0
  0.6285                   0
  0.6295                   0
  0.6305                   0
  0.6315                   0
  0.6325                   0
  0.6335                   0
  0.6345                   0
  0.6355                   0
  0.6365                   0
  0.6375                   0
  0.6385                   0
  0.6395                   0
  0.6405                   0
  0.6415                   0
  0.6425                   0
  0.6435                   0
  0.6445                   0
  0.6455                   0
  0.6465                   0
  0.6475                   0
  0.6485                   0
  0.6495                   0
  0.6505                   0
  0.6515                   0
  0.6525                   0
  0.6535                   0
  0.6545                   0
  0.6555                   0
  0.6565                   0
  0.6575                   0
  0.6585                   0
  0.6595                   0
  0.6605                   0
  0.6615                   0
  0.6625                   0
  0.6635                   0
  0.6645                   0
  0.6655                   0
  0.6665                   0
  0.6675                   0
  0.6685                   0
  0.6695                   0
  0.6705                   0
  0.6715                   0
  0.6725                   0
  0.6735                   0
  0.6745                   0
  0.6755                   0
  0.6765                   0
  0.6775                   0
  0.6785                   0
  0.6795                   0
  0.6805                   0
  0.6815                   0
  0.6825                   0
  0.6835                   0
  0.6845                   0
  0.6855                   0
  0.6865                   0
  0.6875                   0
  0.6885                   0
  0.6895                   0
  0.6905                   0
  0.6915                   0
  0.6925                   0
  0.6935                   0
  0.6945                   0
  0.6955                   0
  0.6965                   0
  0.6975                   0
  0.6985                   0
  0.6995                   0
  0.7005                   0
  0.7015                   0
  0.7025                   0
  0.7035                   0
  0.7045                   0
  0.7055                   0
  0.7065                   0
  0.7075                   0
  0.7085                   0
  0.7095                   0
  0.7105                   0
  0.7115                   0
  0.7125                   0
  0.7135                   0
  0.7145                   0
  0.7155                   0
  0.7165                   0
  0.7175                   0
  0.7185                   0
  0.7195                   0
  0.7205                   0
  0.7215                   0
  0.7225                   0
  0.7235                   0
  0.7245                   0
  0.7255                   0
  0.7265                   0
  0.7275                   0
  0.7285                   0
  0.7295                   0
  0.7305                   0
  0.7315                   0
  0.7325                   0
  0.7335                   0
  0.7345                   0
  0.7355                   0
  0.7365                   0
  0.7375                   0
  0.7385                   0
  0.7395                   0
  0.7405                   0
  0.7415                   0
  0.7425                   0
  0.7435                   0
  0.7445                   0
  0.7455                   0
  0.7465                   0
  0.7475                   0
  0.7485                   0
  0.7495                   0
  0.7505                   0
  0.7515                   0
  0.7525                   0
  0.7535                   0
  0.7545                   0
  0.7555                   0
  0.7565                   0
  0.7575                   0
  0.7585                   0
  0.7595                   0
  0.7605                   0
  0.7615                   0
  0.7625                   0
  0.7635                   0
  0.7645                   0
  0.7655                   0
  0.7665                   0
  0.7675                   0
  0.7685                   0
  0.7695                   0
  0.7705                   0
  0.7715                   0
  0.7725                   0
  0.7735                   0
  0.7745                   0
  0.7755                   0
  0.7765                   0
  0.7775                   0
  0.7785                   0
  0.7795                   0
  0.7805                   0
  0.7815                   0
  0.7825                   0
  0.7835                   0
  0.7845                   0
  0.7855                   0
  0.7865                   0
  0.7875                   0
  0.7885                   0
  0.7895                   0
  0.7905                   0
  0.7915                   0
  0.7925                   0
  0.7935                   0
  0.7945                   0
  0.7955                   0
  0.7965                   0
  0.7975                   0
  0.7985                   0
  0.7995                   0
  0.8005                   0
  0.8015                   0
  0.8025                   0
  0.8035                   0
  0.8045                   0
  0.8055                   0
  0.8065                   0
  0.8075                   0
  0.8085                   0
  0.8095                   0
  0.8105                   0
  0.8115                   0
  0.8125                   0
  0.8135                   0
  0.8145                   0
  0.8155                   0
  0.8165                   0
  0.8175                   0
  0.8185                   0
  0.8195                   0
  0.8205                   0
  0.8215                   0
  0.8225                   0
  0.8235                   0
  0.8245                   0
  0.8255                   0
  0.8265                   0
  0.8275                   0
  0.8285                   0
  0.8295                   0
  0.8305                   0
  0.8315                   0
  0.8325                   0
  0.8335                   0
  0.8345                   0
  0.8355                   0
  0.8365                   0
  0.8375                   0
  0.8385                   0
  0.8395                   0
  0.8405                   0
  0.8415                   0
  0.8425                   0
  0.8435                   0
  0.8445                   0
  0.8455                   0
  0.8465                   0
  0.8475                   0
  0.8485                   0
  0.8495                   0
  0.8505                   0
  0.8515                   0
  0.8525                   0
  0.8535                   0
  0.8545                   0
  0.8555                   0
  0.8565                   0
  0.8575                   0
  0.8585                   0
  0.8595                   0
  0.8605                   0
  0.8615                   0
  0.8625                   0
  0.8635                   0
  0.8645                   0
  0.8655                   0
  0.8665                   0
  0.8675                   0
  0.8685                   0
  0.8695                   0
  0.8705                   0
  0.8715                   0
  0.8725                   0
  0.8735                   0
  0.8745                   0
  0.8755                   0
  0.8765                   0
  0.8775                   0
  0.8785                   0
  0.8795                   0
  0.8805                   0
  0.8815                   0
  0.8825                   0
  0.8835                   0
  0.8845                   0
  0.8855                   0
  0.8865                   0
  0.8875                   0
  0.8885                   0
  0.8895                   0
  0.8905                   0
  0.8915                   0
  0.8925                   0
  0.8935                   0
  0.8945                   0
  0.8955                   0
  0.8965                   0
  0.8975                   0
  0.8985                   0
  0.8995                   0
  0.9005                   0
  0.9015                   0
  0.9025                   0
  0.9035                   0
  0.9045                   0
  0.9055                   0
  0.9065                   0
  0.9075                   0
  0.9085                   0
  0.9095                   0
  0.9105                   0
  0.9115                   0
  0.9125                   0
  0.9135                   0
  0.9145                   0
  0.9155                   0
  0.9165                   0
  0.9175                   0
  0.9185                   0
  0.9195                   0
  0.9205                   0
  0.9215                   0
  0.9225                   0
  0.9235                   0
  0.9245                   0
  0.9255                   0
  0.9265                   0
  0.9275                   0
  0.9285                   0
  0.9295                   0
  0.9305                   0
  0.9315                   0
  0.9325                   0
  0.9335                   0
  0.9345                   0
  0.9355                   0
  0.9365                   0
  0.9375                   0
  0.9385                   0
  0.9395                   0
  0.9405                   0
  0.9415                   0
  0.9425                   0
  0.9435                   0
  0.9445                   0
  0.9455                   0
  0.9465                   0
  0.9475                   0
  0.9485                   0
  0.9495                   0
  0.9505                   0
  0.9515                   0
  0.9525                   0
  0.9535                   0
  0.9545                   0
  0.9555                   0
  0.9565                   0
  0.9575                   0
  0.9585                   0
  0.9595                   0
  0.9605                   0
  0.9615                   0
  0.9625                   0
  0.9635                   0
  0.9645                   0
  0.9655                   0
  0.9665                   0
  0.9675                   0
  0.9685                   0
  0.9695                   0
  0.9705                   0
  0.9715                   0
  0.9725                   0
  0.9735                   0
  0.9745                   0
  0.9755                   0
  0.9765                   0
  0.9775                   0
  0.9785                   0
  0.9795                   0
  0.9805                   0
  0.9815                   0
  0.9825                   0
  0.9835                   0
  0.9845                   0
  0.9855                   0
  0.9865                   0
  0.9875                   0
  0.9885                   0
  0.9895                   0
  0.9905                   0
  0.9915                   0
  0.9925                   0
  0.9935                   0
  0.9945                   0
  0.9955                   0
  0.9965                   0
  0.9975                   0
  0.9985                   0
  0.9995                   0
  1.0005                   0
  1.0015                   0
  1.0025                   0
  1.0035                   0
  1.0045                   0
  1.0055                   0
  1.0065                   0
  1.0075                   0
  1.0085                   0
  1.0095                   0
  1.0105                   0
  1.0115                   0
  1.0125                   0
  1.0135                   0
  1.0145                   0
  1.0155                   0
  1.0165                   0
  1.0175                   0
  1.0185                   0
  1.0195                   0
  1.0205                   0
  1.0215                   0
  1.0225                   0
  1.0235                   0
  1.0245                   0
  1.0255                   0
  1.0265                   0
  1.0275                   0
  1.0285                   0
  1.0295                   0
  1.0305                   0
  1.0315                   0
  1.0325                   0
  1.0335                   0
  1.0345                   0
  1.0355                   0
  1.0365                   0
  1.0375                   0
  1.0385                   0
  1.0395                   0
  1.0405                   0
  1.0415                   0
  1.0425                   0
  1.0435                   0
  1.0445                   0
  1.0455                   0
  1.0465                   0
  1.0475                   0
  1.0485                   0
  1.0495                   0
  1.0505                   0
  1.0515                   0
  1.0525                   0
  1.0535                   0
  1.0545                   0
  1.0555                   0
  1.0565                   0
  1.0575                   0
  1.0585                   0
  1.0595                   0
  1.0605                   0
  1.0615                   0
  1.0625                   0
  1.0635                   0
  1.0645                   0
  1.0655                   0
  1.0665                   0
  1.0675                   0
  1.0685                   0
  1.0695                   0
  1.0705                   0
  1.0715                   0
  1.0725                   0
  1.0735                   0
  1.0745                   0
  1.0755                   0
  1.0765                   0
  1.0775                   0
  1.0785                   0
  1.0795                   0
  1.0805                   0
  1.0815                   0
  1.0825                   0
  1.0835                   0
  1.0845                   0
  1.0855                   0
  1.0865                   0
  1.0875                   0
  1.0885                   0
  1.0895                   0
  1.0905                   0
  1.0915                   0
  1.0925                   0
  1.0935                   0
  1.0945                   0
  1.0955                   0
  1.0965                   0
  1.0975                   0
  1.0985                   0
  1.0995                   0
  1.1005                   0
  1.1015                   0
  1.1025                   0
  1.1035                   0
  1.1045                   0
  1.1055                   0
  1.1065                   0
  1.1075                   0
  1.1085                   0
  1.1095                   0
  1.1105                   0
  1.1115                   0
  1.1125                   0
  1.1135                   0
  1.1145                   0
  1.1155                   0
  1.1165                   0
  1.1175                   0
  1.1185                   0
  1.1195                   0
  1.1205                   0
  1.1215                   0
  1.1225                   0
  1.1235                   0
  1.1245                   0
  1.1255                   0
  1.1265                   0
  1.1275                   0
  1.1285                   0
  1.1295                   0
  1.1305                   0
  1.1315                   0
  1.1325                   0
  1.1335                   0
  1.1345                   0
  1.1355                   0
  1.1365                   0
  1.1375                   0
  1.1385                   0
  1.1395                   0
  1.1405                   0
  1.1415                   0
  1.1425                   0
  1.1435                   0
  1.1445                   0
  1.1455                   0
  1.1465                   0
  1.1475                   0
  1.1485                   0
  1.1495                   0
  1.1505                   0
  1.1515                   0
  1.1525                   0
  1.1535                   0
  1.1545                   0
  1.1555                   0
  1.1565                   0
  1.1575                   0
  1.1585                   0
  1.1595                   0
  1.1605                   0
  1.1615                   0
  1.1625                   0
  1.1635                   0
  1.1645                   0
  1.1655                   0
  1.1665                   0
  1.1675                   0
  1.1685                   0
  1.1695                   0
  1.1705                   0
  1.1715                   0
  1.1725                   0
  1.1735                   0
  1.1745                   0
  1.1755                   0
  1.1765                   0
  1.1775                   0
  1.1785                   0
  1.1795                   0
  1.1805                   0
  1.1815                   0
  1.1825                   0
  1.1835                   0
  1.1845                   0
  1.1855                   0
  1.1865                   0
  1.1875                   0
  1.1885                   0
  1.1895                   0
  1.1905                   0
  1.1915                   0
  1.1925                   0
  1.1935                   0
  1.1945                   0
  1.1955                   0
  1.1965                   0
  1.1975                   0
  1.1985                   0
  1.1995                   0
  1.2005                   0
  1.2015                   0
  1.2025                   0
  1.2035                   0
  1.2045                   0
  1.2055                   0
  1.2065                   0
  1.2075                   0
  1.2085                   0
  1.2095                   0
  1.2105                   0
  1.2115                   0
  1.2125                   0
  1.2135                   0
  1.2145                   0
  1.2155                   0
  1.2165                   0
  1.2175                   0
  1.2185                   0
  1.2195                   0
  1.2205                   0
  1.2215                   0
  1.2225                   0
  1.2235                   0
  1.2245                   0
  1.2255                   0
  1.2265                   0
  1.2275                   0
  1.2285                   0
  1.2295                   0
  1.2305                   0
  1.2315                   0
  1.2325                   0
  1.2335                   0
  1.2345                   0
  1.2355                   0
  1.2365                   0
  1.2375                   0
  1.2385                   0
  1.2395                   0
  1.2405                   0
  1.2415                   0
  1.2425                   0
  1.2435                   0
  1.2445                   0
  1.2455                   0
  1.2465                   0
  1.2475                   0
  1.2485                   0
  1.2495                   0
  1.2505                   0
  1.2515                   0
  1.2525                   0
  1.2535                   0
  1.2545                   0
  1.2555                   0
  1.2565                   0
  1.2575                   0
  1.2585                   0
  1.2595                   0
  1.2605                   0
  1.2615                   0
  1.2625                   0
  1.2635                   0
  1.2645                   0
  1.2655                   0
  1.2665                   0
  1.2675                   0
  1.2685                   0
  1.2695                   0
  1.2705                   0
  1.2715                   0
  1.2725                   0
  1.2735                   0
  1.2745                   0
  1.2755                   0
  1.2765                   0
  1.2775                   0
  1.2785                   0
  1.2795                   0
  1.2805                   0
  1.2815                   0
  1.2825                   0
  1.2835                   0
  1.2845                   0
  1.2855                   0
  1.2865                   0
  1.2875                   0
  1.2885                   0
  1.2895                   0
  1.2905                   0
  1.2915                   0
  1.2925                   0
  1.2935                   0
  1.2945                   0
  1.2955                   0
  1.2965                   0
  1.2975                   0
  1.2985                   0
  1.2995                   0
  1.3005                   0
  1.3015                   0
  1.3025                   0
  1.3035                   0
  1.3045                   0
  1.3055                   0
  1.3065                   0
  1.3075                   0
  1.3085                   0
  1.3095                   0
  1.3105                   0
  1.3115                   0
  1.3125                   0
  1.3135                   0
  1.3145                   0
  1.3155                   0
  1.3165                   0
  1.3175                   0
  1.3185                   0
  1.3195                   0
  1.3205                   0
  1.3215                   0
  1.3225                   0
  1.3235                   0
  1.3245                   0
  1.3255                   0
  1.3265                   0
  1.3275                   0
  1.3285                   0
  1.3295                   0
  1.3305                   0
  1.3315                   0
  1.3325                   0
  1.3335                   0
  1.3345                   0
  1.3355                   0
  1.3365                   0
  1.3375                   0
  1.3385                   0
  1.3395                   0
  1.3405                   0
  1.3415                   0
  1.3425                   0
  1.3435                   0
  1.3445                   0
  1.3455                   0
  1.3465                   0
  1.3475                   0
  1.3485                   0
  1.3495                   0
  1.3505                   0
  1.3515                   0
  1.3525                   0
  1.3535                   0
  1.3545                   0
  1.3555                   0
  1.3565                   0
  1.3575                   0
  1.3585                   0
  1.3595                   0
  1.3605                   0
  1.3615                   0
  1.3625                   0
  1.3635                   0
  1.3645                   0
  1.3655                   0
  1.3665                   0
  1.3675                   0
  1.3685                   0
  1.3695                   0
  1.3705                   0
  1.3715                   0
  1.3725                   0
  1.3735                   0
  1.3745                   0
  1.3755                   0
  1.3765                   0
  1.3775                   0
  1.3785                   0
  1.3795                   0
  1.3805                   0
  1.3815                   0
  1.3825                   0
  1.3835                   0
  1.3845                   0
  1.3855                   0
  1.3865                   0
  1.3875                   0
  1.3885                   0
  1.3895                   0
  1.3905                   0
  1.3915                   0
  1.3925                   0
  1.3935                   0
  1.3945                   0
  1.3955                   0
  1.3965                   0
  1.3975                   0
  1.3985                   0
  1.3995                   0
  1.4005                   0
  1.4015                   0
  1.4025                   0
  1.4035                   0
  1.4045                   0
  1.4055                   0
  1.4065                   0
  1.4075                   0
  1.4085                   0
  1.4095                   0
  1.4105                   0
  1.4115                   0
  1.4125                   0
  1.4135                   0
  1.4145                   0
  1.4155                   0
  1.4165                   0
  1.4175                   0
  1.4185                   0
  1.4195                   0
  1.4205                   0
  1.4215                   0
  1.4225                   0
  1.4235                   0
  1.4245                   0
  1.4255                   0
  1.4265                   0
  1.4275                   0
  1.4285                   0
  1.4295                   0
  1.4305                   0
  1.4315                   0
  1.4325                   0
  1.4335                   0
  1.4345                   0
  1.4355                   0
  1.4365                   0
  1.4375                   0
  1.4385                   0
  1.4395                   0
  1.4405                   0
  1.4415                   0
  1.4425                   0
  1.4435                   0
  1.4445                   0
  1.4455                   0
  1.4465                   0
  1.4475                   0
  1.4485                   0
  1.4495                   0
  1.4505                   0
  1.4515                   0
  1.4525                   0
  1.4535                   0
  1.4545                   0
  1.4555                   0
  1.4565                   0
  1.4575                   0
  1.4585                   0
  1.4595                   0
  1.4605                   0
  1.4615                   0
  1.4625                   0
  1.4635                   0
  1.4645                   0
  1.4655                   0
  1.4665                   0
  1.4675                   0
  1.4685                   0
  1.4695                   0
  1.4705                   0
  1.4715                   0
  1.4725                   0
  1.4735                   0
  1.4745                   0
  1.4755                   0
  1.4765                   0
  1.4775                   0
  1.4785                   0
  1.4795                   0
  1.4805                   0
  1.4815                   0
  1.4825                   0
  1.4835                   0
  1.4845                   0
  1.4855                   0
  1.4865                   0
  1.4875                   0
  1.4885                   0
  1.4895                   0
  1.4905                   0
  1.4915                   0
  1.4925                   0
  1.4935                   0
  1.4945                   0
  1.4955                   0
  1.4965                   0
  1.4975                   0
  1.4985                   0
  1.4995                   0
  1.5005                   0
  1.5015                   0
  1.5025                   0
  1.5035                   0
  1.5045                   0
  1.5055                   0
  1.5065                   0
  1.5075                   0
  1.5085                   0
  1.5095                   0
  1.5105                   0
  1.5115                   0
  1.5125                   0
  1.5135                   0
  1.5145                   0
  1.5155                   0
  1.5165                   0
  1.5175                   0
  1.5185                   0
  1.5195                   0
  1.5205                   0
  1.5215                   0
  1.5225                   0
  1.5235                   0
  1.5245                   0
  1.5255                   0
  1.5265                   0
  1.5275                   0
  1.5285                   0
  1.5295                   0
  1.5305                   0
  1.5315                   0
  1.5325                   0
  1.5335                   0
  1.5345                   0
  1.5355                   0
  1.5365                   0
  1.5375                   0
  1.5385                   0
  1.5395                   0
  1.5405                   0
  1.5415                   0
  1.5425                   0
  1.5435                   0
  1.5445                   0
  1.5455                   0
  1.5465                   0
  1.5475                   0
  1.5485                   0
  1.5495                   0
  1.5505                   0
  1.5515                   0
  1.5525                   0
  1.5535                   0
  1.5545                   0
  1.5555                   0
  1.5565                   0
  1.5575                   0
  1.5585                   0
  1.5595                   0
  1.5605                   0
  1.5615                   0
  1.5625                   0
  1.5635                   0
  1.5645                   0
  1.5655                   0
  1.5665                   0
  1.5675                   0
  1.5685                   0
  1.5695                   0
  1.5705                   0
  1.5715                   0
  1.5725                   0
  1.5735                   0
  1.5745                   0
  1.5755                   0
  1.5765                   0
  1.5775                   0
  1.5785                   0
  1.5795                   0
  1.5805                   0
  1.5815                   0
  1.5825                   0
  1.5835                   0
  1.5845                   0
  1.5855                   0
  1.5865                   0
  1.5875                   0
  1.5885                   0
  1.5895                   0
  1.5905                   0
  1.5915                   0
  1.5925                   0
  1.5935                   0
  1.5945                   0
  1.5955                   0
  1.5965                   0
  1.5975                   0
  1.5985                   0
  1.5995                   0
  1.6005                   0
  1.6015                   0
  1.6025                   0
  1.6035                   0
  1.6045                   0
  1.6055                   0
  1.6065                   0
  1.6075                   0
  1.6085                   0
  1.6095                   0
  1.6105                   0
  1.6115                   0
  1.6125                   0
  1.6135                   0
  1.6145                   0
  1.6155                   0
  1.6165                   0
  1.6175                   0
  1.6185                   0
  1.6195                   0
  1.6205                   0
  1.6215                   0
  1.6225                   0
  1.6235                   0
  1.6245                   0
  1.6255                   0
  1.6265                   0
  1.6275                   0
  1.6285                   0
  1.6295                   0
  1.6305                   0
  1.6315                   0
  1.6325                   0
  1.6335                   0
  1.6345                   0
  1.6355                   0
  1.6365                   0
  1.6375                   0
  1.6385                   0
  1.6395                   0
  1.6405                   0
  1.6415                   0
  1.6425                   0
  1.6435                   0
  1.6445                   0
  1.6455                   0
  1.6465                   0
  1.6475                   0
  1.6485                   0
  1.6495                   0
  1.6505                   0
  1.6515                   0
  1.6525                   0
  1.6535                   0
  1.6545                   0
  1.6555                   0
  1.6565                   0
  1.6575                   0
  1.6585                   0
  1.6595                   0
  1.6605                   0
  1.6615                   0
  1.6625                   0
  1.6635                   0
  1.6645                   0
  1.6655                   0
  1.6665                   0
  1.6675                   0
  1.6685                   0
  1.6695                   0
  1.6705                   0
  1.6715                   0
  1.6725                   0
  1.6735                   0
  1.6745                   0
  1.6755                   0
  1.6765                   0
  1.6775                   0
  1.6785                   0
  1.6795                   0
  1.6805                   0
  1.6815                   0
  1.6825                   0
  1.6835                   0
  1.6845                   0
  1.6855                   0
  1.6865                   0
  1.6875                   0
  1.6885                   0
  1.6895                   0
  1.6905                   0
  1.6915                   0
  1.6925                   0
  1.6935                   0
  1.6945                   0
  1.6955                   0
  1.6965                   0
  1.6975                   0
  1.6985                   0
  1.6995                   0
  1.7005                   0
  1.7015                   0
  1.7025                   0
  1.7035                   0
  1.7045                   0
  1.7055                   0
  1.7065                   0
  1.7075                   0
  1.7085                   0
  1.7095                   0
  1.7105                   0
  1.7115                   0
  1.7125                   0
  1.7135                   0
  1.7145                   0
  1.7155                   0
  1.7165                   0
  1.7175                   0
  1.7185                   0
  1.7195                   0
  1.7205                   0
  1.7215                   0
  1.7225                   0
  1.7235                   0
  1.7245                   0
  1.7255                   0
  1.7265                   0
  1.7275                   0
  1.7285                   0
  1.7295                   0
  1.7305                   0
  1.7315                   0
  1.7325                   0
  1.7335                   0
  1.7345                   0
  1.7355                   0
  1.7365                   0
  1.7375                   0
  1.7385                   0
  1.7395                   0
  1.7405                   0
  1.7415                   0
  1.7425                   0
  1.7435                   0
  1.7445                   0
  1.7455                   0
  1.7465                   0
  1.7475                   0
  1.7485                   0
  1.7495                   0
  1.7505                   0
  1.7515                   0
  1.7525                   0
  1.7535                   0
  1.7545                   0
  1.7555                   0
  1.7565                   0
  1.7575                   0
  1.7585                   0
  1.7595                   0
  1.7605                   0
  1.7615                   0
  1.7625                   0
  1.7635                   0
  1.7645                   0
  1.7655                   0
  1.7665                   0
  1.7675                   0
  1.7685                   0
  1.7695                   0
  1.7705                   0
  1.7715                   0
  1.7725                   0
  1.7735                   0
  1.7745                   0
  1.7755                   0
  1.7765                   0
  1.7775                   0
  1.7785                   0
  1.7795                   0
  1.7805                   0
  1.7815                   0
  1.7825                   0
  1.7835                   0
  1.7845                   0
  1.7855                   0
  1.7865                   0
  1.7875                   0
  1.7885                   0
  1.7895                   0
  1.7905                   0
  1.7915                   0
  1.7925                   0
  1.7935                   0
  1.7945                   0
  1.7955                   0
  1.7965                   0
  1.7975                   0
  1.7985                   0
  1.7995                   0
  1.8005                   0
  1.8015                   0
  1.8025                   0
  1.8035                   0
  1.8045                   0
  1.8055                   0
  1.8065                   0
  1.8075                   0
  1.8085                   0
  1.8095                   0
  1.8105                   0
  1.8115                   0
  1.8125                   0
  1.8135                   0
  1.8145                   0
  1.8155                   0
  1.8165                   0
  1.8175                   0
  1.8185                   0
  1.8195                   0
  1.8205                   0
  1.8215                   0
  1.8225                   0
  1.8235                   0
  1.8245                   0
  1.8255                   0
  1.8265                   0
  1.8275                   0
  1.8285                   0
  1.8295                   0
  1.8305                   0
  1.8315                   0
  1.8325                   0
  1.8335                   0
  1.8345                   0
  1.8355                   0
  1.8365                   0
  1.8375                   0
  1.8385                   0
  1.8395                   0
  1.8405                   0
  1.8415                   0
  1.8425                   0
  1.8435                   0
  1.8445                   0
  1.8455                   0
  1.8465                   0
  1.8475                   0
  1.8485                   0
  1.8495                   0
  1.8505                   0
  1.8515                   0
  1.8525                   0
  1.8535                   0
  1.8545                   0
  1.8555                   0
  1.8565                   0
  1.8575                   0
  1.8585                   0
  1.8595                   0
  1.8605                   0
  1.8615                   0
  1.8625                   0
  1.8635                   0
  1.8645                   0
  1.8655                   0
  1.8665                   0
  1.8675                   0
  1.8685                   0
  1.8695                   0
  1.8705                   0
  1.8715                   0
  1.8725                   0
  1.8735                   0
  1.8745                   0
  1.8755                   0
  1.8765                   0
  1.8775                   0
  1.8785                   0
  1.8795                   0
  1.8805                   0
  1.8815                   0
  1.8825                   0
  1.8835                   0
  1.8845                   0
  1.8855                   0
  1.8865                   0
  1.8875                   0
  1.8885                   0
  1.8895                   0
  1.8905                   0
  1.8915                   0
  1.8925                   0
  1.8935                   0
  1.8945                   0
  1.8955                   0
  1.8965                   0
  1.8975                   0
  1.8985                   0
  1.8995                   0
  1.9005                   0
  1.9015                   0
  1.9025                   0
  1.9035                   0
  1.9045                   0
  1.9055                   0
  1.9065                   0
  1.9075                   0
  1.9085                   0
  1.9095                   0
  1.9105                   0
  1.9115                   0
  1.9125                   0
  1.9135                   0
  1.9145                   0
  1.9155                   0
  1.9165                   0
  1.9175                   0
  1.9185                   0
  1.9195                   0
  1.9205                   0
  1.9215                   0
  1.9225                   0
  1.9235                   0
  1.9245                   0
  1.9255                   0
  1.9265                   0
  1.9275                   0
  1.9285                   0
  1.9295                   0
  1.9305                   0
  1.9315                   0
  1.9325                   0
  1.9335                   0
  1.9345                   0
  1.9355                   0
  1.9365                   0
  1.9375                   0
  1.9385                   0
  1.9395                   0
  1.9405                   0
  1.9415                   0
  1.9425                   0
  1.9435                   0
  1.9445                   0
  1.9455                   0
  1.9465                   0
  1.9475                   0
  1.9485                   0
  1.9495                   0
  1.9505                   0
  1.9515                   0
  1.9525                   0
  1.9535                   0
  1.9545                   0
  1.9555                   0
  1.9565                   0
  1.9575                   0
  1.9585                   0
  1.9595                   0
  1.9605                   0
  1.9615                   0
  1.9625                   0
  1.9635                   0
  1.9645                   0
  1.9655                   0
  1.9665                   0
  1.9675                   0
  1.9685                   0
  1.9695                   0
  1.9705                   0
  1.9715                   0
  1.9725                   0
  1.9735                   0
  1.9745                   0
  1.9755                   0
  1.9765                   0
  1.9775                   0
  1.9785                   0
  1.9795                   0
  1.9805                   0
  1.9815                   0
  1.9825                   0
  1.9835                   0
  1.9845                   0
  1.9855                   0
  1.9865                   0
  1.9875                   0
  1.9885                   0
  1.9895                   0
  1.9905                   0
  1.9915                   0
  1.9925                   0
  1.9935                   0
  1.9945                   0
  1.9955                   0
  1.9965                   0
  1.9975                   0
  1.9985                   0
  1.9995                   0
  2.0005                   0
