  0.0005                   0
  0.0015                   0
  0.0025                   0
  0.0035                   0
  0.0045                   0
  0.0055                   0
  0.0065                   0
  0.0075                   0
  0.0085                   0
  0.0095                   0
  0.0105                   0
  0.0115                   0
  0.0125                   0
  0.0135                   0
  0.0145                   0
  0.0155                   0
  0.0165                   0
  0.0175                   0
  0.0185                   0
  0.0195                   0
  0.0205                   0
  0.0215                   0
  0.0225                   0
  0.0235                   0
  0.0245                   0
  0.0255                   0
  0.0265                   0
  0.0275                   0
  0.0285                   0
  0.0295                   0
  0.0305                   0
  0.0315                   0
  0.0325                   0
  0.0335                   0
  0.0345                   0
  0.0355                   0
  0.0365                   0
  0.0375                   0
  0.0385                   0
  0.0395                   0
  0.0405                   0
  0.0415                   0
  0.0425                   0
  0.0435                   0
  0.0445                   0
  0.0455                   0
  0.0465                   0
  0.0475                   0
  0.0485                   0
  0.0495                   0
  0.0505                   0
  0.0515                   0
  0.0525                   0
  0.0535                   0
  0.0545                   0
  0.0555                   0
  0.0565                   0
  0.0575                   0
  0.0585                   0
  0.0595                   0
  0.0605                   0
  0.0615                   0
  0.0625                   0
  0.0635                   0
  0.0645                   0
  0.0655                   0
  0.0665                   0
  0.0675                   0
  0.0685                   0
  0.0695                   0
  0.0705                   0
  0.0715                   0
  0.0725                   0
  0.0735                   0
  0.0745                   0
  0.0755                   0
  0.0765                   0
  0.0775                   0
  0.0785                   0
  0.0795                   0
  0.0805                   0
  0.0815                   0
  0.0825                   0
  0.0835                   0
  0.0845                   0
  0.0855                   0
  0.0865                   0
  0.0875                   0
  0.0885                   0
  0.0895                   0
  0.0905                   0
  0.0915                   0
  0.0925                   0
  0.0935                   0
  0.0945                   0
  0.0955                   0
  0.0965                   0
  0.0975                   0
  0.0985                   0
  0.0995                   0
  0.1005                   0
  0.1015                   0
  0.1025                   0
  0.1035                   0
  0.1045                   0
  0.1055                   0
  0.1065                   0
  0.1075                   0
  0.1085                   0
  0.1095                   0
  0.1105                   0
  0.1115                   0
  0.1125                   0
  0.1135                   0
  0.1145                   0
  0.1155                   0
  0.1165                   0
  0.1175                   0
  0.1185                   0
  0.1195                   0
  0.1205                   0
  0.1215                   0
  0.1225                   0
  0.1235                   0
  0.1245                   0
  0.1255                   0
  0.1265                   0
  0.1275                   0
  0.1285                   0
  0.1295                   0
  0.1305                   0
  0.1315                   0
  0.1325                   0
  0.1335                   0
  0.1345                   0
  0.1355                   0
  0.1365                   0
  0.1375                   0
  0.1385                   0
  0.1395                   0
  0.1405                   0
  0.1415                   0
  0.1425                   0
  0.1435                   0
  0.1445                   0
  0.1455                   0
  0.1465                   0
  0.1475                   0
  0.1485                   0
  0.1495                   0
  0.1505                   0
  0.1515                   0
  0.1525                   0
  0.1535                   0
  0.1545                   0
  0.1555                   0
  0.1565                   0
  0.1575                   0
  0.1585                   0
  0.1595                   0
  0.1605                   0
  0.1615                   0
  0.1625                   0
  0.1635                   0
  0.1645                   0
  0.1655                   0
  0.1665                   0
  0.1675                   0
  0.1685                   0
  0.1695                   0
  0.1705                   0
  0.1715                   0
  0.1725                   0
  0.1735                   0
  0.1745                   0
  0.1755                   0
  0.1765                   0
  0.1775                   0
  0.1785                   0
  0.1795                   0
  0.1805                   0
  0.1815                   0
  0.1825                   0
  0.1835                   0
  0.1845                   0
  0.1855                   0
  0.1865                   0
  0.1875                   0
  0.1885                   0
  0.1895                   0
  0.1905                   0
  0.1915                   0
  0.1925                   0
  0.1935                   0
  0.1945                   0
  0.1955                   0
  0.1965                   0
  0.1975                   0
  0.1985                   0
  0.1995                   0
  0.2005                   0
  0.2015                   0
  0.2025                   0
  0.2035                   0
  0.2045                   0
  0.2055                   0
  0.2065                   0
  0.2075                   0
  0.2085                   0
  0.2095                   0
  0.2105                   0
  0.2115                   0
  0.2125                   0
  0.2135                   0
  0.2145                   0
  0.2155                   0
  0.2165                   0
  0.2175                   0
  0.2185                   0
  0.2195                   0
  0.2205                   0
  0.2215                   0
  0.2225                   0
  0.2235                   0
  0.2245                   0
  0.2255                   0
  0.2265                   0
  0.2275                   0
  0.2285                   0
  0.2295                   0
  0.2305                   0
  0.2315                   0
  0.2325                   0
  0.2335                   0
  0.2345                   0
  0.2355                   0
  0.2365                   0
  0.2375                   0
  0.2385                   0
  0.2395                   0
  0.2405                   0
  0.2415                   0
  0.2425                   0
  0.2435                   0
  0.2445                   0
  0.2455                   0
  0.2465                   0
  0.2475                   0
  0.2485                   0
  0.2495                   0
  0.2505                   0
  0.2515                   0
  0.2525                   0
  0.2535                   0
  0.2545                   0
  0.2555                   0
  0.2565                   0
  0.2575                   0
  0.2585                   0
  0.2595                   0
  0.2605                   0
  0.2615                   0
  0.2625                   0
  0.2635                   0
  0.2645                   0
  0.2655                   0
  0.2665                   0
  0.2675                   0
  0.2685                   0
  0.2695                   0
  0.2705                   0
  0.2715                   0
  0.2725                   0
  0.2735                   0
  0.2745                   0
  0.2755                   0
  0.2765                   0
  0.2775                   0
  0.2785                   0
  0.2795                   0
  0.2805                   0
  0.2815                   0
  0.2825                   0
  0.2835                   0
  0.2845                   0
  0.2855                   0
  0.2865                   0
  0.2875                   0
  0.2885                   0
  0.2895                   0
  0.2905                   0
  0.2915                   0
  0.2925                   0
  0.2935                   0
  0.2945                   0
  0.2955                   0
  0.2965                   0
  0.2975                   0
  0.2985                   0
  0.2995                   0
  0.3005                   0
  0.3015                   0
  0.3025                   0
  0.3035                   0
  0.3045                   0
  0.3055                   0
  0.3065                   0
  0.3075                   0
  0.3085                   0
  0.3095                   0
  0.3105                   0
  0.3115                   0
  0.3125                   0
  0.3135                   0
  0.3145                   0
  0.3155                   0
  0.3165                   0
  0.3175                   0
  0.3185                   0
  0.3195                   0
  0.3205                   0
  0.3215                   0
  0.3225                   0
  0.3235                   0
  0.3245                   0
  0.3255                   0
  0.3265                   0
  0.3275                   0
  0.3285                   0
  0.3295                   0
  0.3305                   0
  0.3315                   0
  0.3325                   0
  0.3335                   0
  0.3345                   0
  0.3355                   0
  0.3365                   0
  0.3375                   0
  0.3385                   0
  0.3395                   0
  0.3405                   0
  0.3415                   0
  0.3425                   0
  0.3435                   0
  0.3445                   0
  0.3455                   0
  0.3465                   0
  0.3475                   0
  0.3485                   0
  0.3495                   0
  0.3505                   0
  0.3515                   0
  0.3525                   0
  0.3535                   0
  0.3545                   0
  0.3555                   0
  0.3565                   0
  0.3575                   0
  0.3585                   0
  0.3595                   0
  0.3605                   0
  0.3615                   0
  0.3625                   0
  0.3635                   0
  0.3645                   0
  0.3655                   0
  0.3665                   0
  0.3675                   0
  0.3685                   0
  0.3695                   0
  0.3705                   0
  0.3715                   0
  0.3725                   0
  0.3735                   0
  0.3745                   0
  0.3755                   0
  0.3765                   0
  0.3775                   0
  0.3785                   0
  0.3795                   0
  0.3805                   0
  0.3815                   0
  0.3825                   0
  0.3835                   0
  0.3845                   0
  0.3855                   0
  0.3865                   0
  0.3875                   0
  0.3885                   0
  0.3895                   0
  0.3905                   0
  0.3915                   0
  0.3925                   0
  0.3935                   0
  0.3945                   0
  0.3955                   0
  0.3965                   0
  0.3975                   0
  0.3985                   0
  0.3995                   0
  0.4005                   0
  0.4015                   0
  0.4025                   0
  0.4035                   0
  0.4045                   0
  0.4055                   0
  0.4065                   0
  0.4075                   0
  0.4085                   0
  0.4095                   0
  0.4105                   0
  0.4115                   0
  0.4125                   0
  0.4135                   0
  0.4145                   0
  0.4155                   0
  0.4165                   0
  0.4175                   0
  0.4185                   0
  0.4195                   0
  0.4205                   0
  0.4215                   0
  0.4225                   0
  0.4235                   0
  0.4245                   0
  0.4255                   0
  0.4265                   0
  0.4275                   0
  0.4285                   0
  0.4295                   0
  0.4305                   0
  0.4315                   0
  0.4325                 542
  0.4335                 130
  0.4345                 129
  0.4355                 509
  0.4365                 609
  0.4375                1711
  0.4385                 717
  0.4395                1176
  0.4405                1334
  0.4415                 961
  0.4425                1128
  0.4435                1757
  0.4445                2261
  0.4455                3834
  0.4465                4843
  0.4475                3101
  0.4485                6481
  0.4495                8025
  0.4505                9458
  0.4515               11329
  0.4525               13063
  0.4535               20850
  0.4545               22769
  0.4555               25428
  0.4565               26888
  0.4575               36144
  0.4585               46180
  0.4595               50047
  0.4605               61973
  0.4615               72265
  0.4625               95215
  0.4635              109275
  0.4645              129880
  0.4655              153764
  0.4665              179621
  0.4675              205100
  0.4685              236758
  0.4695              281624
  0.4705              343491
  0.4715              381944
  0.4725              453042
  0.4735              538129
  0.4745              614116
  0.4755              745044
  0.4765              831680
  0.4775              967396
  0.4785             1151292
  0.4795             1301984
  0.4805             1321589
  0.4815             1715175
  0.4825             1920585
  0.4835             2421809
  0.4845             2542866
  0.4855             2903501
  0.4865             2915371
  0.4875             3689844
  0.4885             4599797
  0.4895             4785152
  0.4905             5354523
  0.4915             5450044
  0.4925             6657526
  0.4935             8311464
  0.4945             8471189
  0.4955             9465243
  0.4965             9401375
  0.4975            11596541
  0.4985            14144128
  0.4995            14331434
  0.5005            15882863
  0.5015            17478568
  0.5025            19158104
  0.5035            21131337
  0.5045            23224181
  0.5055            25301478
  0.5065            27567228
  0.5075            30131218
  0.5085            32623172
  0.5095            35462948
  0.5105            38311250
  0.5115            41495702
  0.5125            44711790
  0.5135            48102490
  0.5145            51701383
  0.5155            55363307
  0.5165            59228717
  0.5175            63502457
  0.5185            67244733
  0.5195            71938345
  0.5205            76206740
  0.5215            80482015
  0.5225            85077176
  0.5235            90084425
  0.5245            94621439
  0.5255            99477286
  0.5265           104303728
  0.5275           109158346
  0.5285           113658412
  0.5295           118758167
  0.5305           123618796
  0.5315           128201140
  0.5325           132874117
  0.5335           137225855
  0.5345           141359345
  0.5355           145867911
  0.5365           149852037
  0.5375           153746754
  0.5385           157324542
  0.5395           160752400
  0.5405           163868551
  0.5415           166704122
  0.5425           169474526
  0.5435           171563666
  0.5445           173872096
  0.5455           175188845
  0.5465           176640791
  0.5475           177633876
  0.5485           178327764
  0.5495           178484378
  0.5505           178410996
  0.5515           177988400
  0.5525           176870524
  0.5535           175673279
  0.5545           174505553
  0.5555           172284370
  0.5565           170353044
  0.5575           167856854
  0.5585           165292411
  0.5595           162139225
  0.5605           158599665
  0.5615           155031631
  0.5625           151562270
  0.5635           147460486
  0.5645           143178333
  0.5655           138820941
  0.5665           134420652
  0.5675           129877207
  0.5685           125160050
  0.5695           120516789
  0.5705           115742150
  0.5715           110930167
  0.5725           105966958
  0.5735           101204863
  0.5745            96563500
  0.5755            91587086
  0.5765            78381885
  0.5775            82805444
  0.5785            85688888
  0.5795            73409993
  0.5805            69033117
  0.5815            58558783
  0.5825            61232024
  0.5835            62846642
  0.5845            53181238
  0.5855            49585163
  0.5865            41628495
  0.5875            43053602
  0.5885            43765479
  0.5895            36531060
  0.5905            33710013
  0.5915            28008602
  0.5925            28789346
  0.5935            28855974
  0.5945            23993902
  0.5955            21868434
  0.5965            19950071
  0.5975            16480217
  0.5985            18257640
  0.5995            14899345
  0.6005            13529865
  0.6015            12141726
  0.6025             9953614
  0.6035            10938525
  0.6045             8888299
  0.6055             7921595
  0.6065             7071828
  0.6075             5710238
  0.6085             6213130
  0.6095             4974404
  0.6105             4392696
  0.6115             3931486
  0.6125             3481253
  0.6135             3036372
  0.6145             2698745
  0.6155             2351024
  0.6165             2062024
  0.6175             1797494
  0.6185             1578509
  0.6195             1367787
  0.6205             1176180
  0.6215             1027570
  0.6225              897999
  0.6235              767886
  0.6245              664256
  0.6255              571718
  0.6265              494609
  0.6275              422056
  0.6285              362593
  0.6295              305790
  0.6305              258925
  0.6315              220498
  0.6325              186891
  0.6335              153996
  0.6345              131159
  0.6355              117364
  0.6365               91672
  0.6375               78592
  0.6385               70893
  0.6395               56420
  0.6405               45991
  0.6415               38428
  0.6425               32519
  0.6435               25983
  0.6445               21015
  0.6455               17637
  0.6465               15032
  0.6475               12286
  0.6485               10398
  0.6495                9306
  0.6505                7025
  0.6515                5823
  0.6525                4624
  0.6535                3570
  0.6545                2887
  0.6555                2334
  0.6565                1692
  0.6575                1250
  0.6585                1551
  0.6595                1163
  0.6605                 958
  0.6615                 686
  0.6625                 588
  0.6635                 416
  0.6645                 300
  0.6655                 303
  0.6665                 242
  0.6675                 232
  0.6685                 170
  0.6695                 125
  0.6705                  67
  0.6715                  60
  0.6725                  88
  0.6735                  55
  0.6745                  42
  0.6755                   0
  0.6765                   0
  0.6775                  16
  0.6785                  11
  0.6795                   0
  0.6805                   0
  0.6815                  15
  0.6825                   0
  0.6835                   0
  0.6845                   0
  0.6855                   0
  0.6865                   0
  0.6875                   0
  0.6885                   0
  0.6895                   0
  0.6905                   0
  0.6915                   0
  0.6925                   0
  0.6935                   0
  0.6945                   0
  0.6955                   0
  0.6965                   0
  0.6975                   0
  0.6985                   0
  0.6995                   0
  0.7005                   0
  0.7015                   0
  0.7025                   0
  0.7035                   0
  0.7045                   0
  0.7055                   0
  0.7065                   0
  0.7075                   0
  0.7085                   0
  0.7095                   0
  0.7105                   0
  0.7115                   0
  0.7125                   0
  0.7135                   0
  0.7145                   0
  0.7155                   0
  0.7165                   0
  0.7175                   0
  0.7185                   0
  0.7195                   0
  0.7205                   0
  0.7215                   0
  0.7225                   0
  0.7235                   0
  0.7245                   0
  0.7255                   0
  0.7265                   0
  0.7275                   0
  0.7285                   0
  0.7295                   0
  0.7305                   0
  0.7315                   0
  0.7325                   0
  0.7335                   0
  0.7345                   0
  0.7355                   0
  0.7365                   0
  0.7375                   0
  0.7385                   0
  0.7395                   0
  0.7405                   0
  0.7415                   0
  0.7425                   0
  0.7435                   0
  0.7445                   0
  0.7455                   0
  0.7465                   0
  0.7475                   0
  0.7485                   0
  0.7495                   0
  0.7505                   0
  0.7515                   0
  0.7525                   0
  0.7535                   0
  0.7545                   0
  0.7555                   0
  0.7565                   0
  0.7575                   0
  0.7585                   0
  0.7595                   0
  0.7605                   0
  0.7615                   0
  0.7625                   0
  0.7635                   0
  0.7645                   0
  0.7655                   0
  0.7665                   0
  0.7675                   0
  0.7685                   0
  0.7695                   0
  0.7705                   0
  0.7715                   0
  0.7725                   0
  0.7735                   0
  0.7745                   0
  0.7755                   0
  0.7765                   0
  0.7775                   0
  0.7785                   0
  0.7795                   0
  0.7805                   0
  0.7815                   0
  0.7825                   0
  0.7835                   0
  0.7845                   0
  0.7855                   0
  0.7865                   0
  0.7875                   0
  0.7885                   0
  0.7895                   0
  0.7905                   0
  0.7915                   0
  0.7925                   0
  0.7935                   0
  0.7945                   0
  0.7955                   0
  0.7965                   0
  0.7975                   0
  0.7985                   0
  0.7995                   0
  0.8005                   0
  0.8015                   0
  0.8025                   0
  0.8035                   0
  0.8045                   0
  0.8055                   0
  0.8065                   0
  0.8075                   0
  0.8085                   0
  0.8095                   0
  0.8105                   0
  0.8115                   0
  0.8125                   0
  0.8135                   0
  0.8145                   0
  0.8155                   0
  0.8165                   0
  0.8175                   0
  0.8185                   0
  0.8195                   0
  0.8205                   0
  0.8215                   0
  0.8225                   0
  0.8235                   0
  0.8245                   0
  0.8255                   0
  0.8265                   0
  0.8275                   0
  0.8285                   0
  0.8295                   0
  0.8305                   0
  0.8315                   0
  0.8325                   0
  0.8335                   0
  0.8345                   0
  0.8355                   0
  0.8365                   0
  0.8375                   0
  0.8385                   0
  0.8395                   0
  0.8405                   0
  0.8415                   0
  0.8425                   0
  0.8435                   0
  0.8445                   0
  0.8455                   0
  0.8465                   0
  0.8475                   0
  0.8485                   0
  0.8495                   0
  0.8505                   0
  0.8515                   0
  0.8525                   0
  0.8535                   0
  0.8545                   0
  0.8555                   0
  0.8565                   0
  0.8575                   0
  0.8585                   0
  0.8595                   0
  0.8605                   0
  0.8615                   0
  0.8625                   0
  0.8635                   0
  0.8645                   0
  0.8655                   0
  0.8665                   0
  0.8675                   0
  0.8685                   0
  0.8695                   0
  0.8705                   0
  0.8715                   0
  0.8725                   0
  0.8735                   0
  0.8745                   0
  0.8755                   0
  0.8765                   0
  0.8775                   0
  0.8785                   0
  0.8795                   0
  0.8805                   0
  0.8815                   0
  0.8825                   0
  0.8835                   0
  0.8845                   0
  0.8855                   0
  0.8865                   0
  0.8875                   0
  0.8885                   0
  0.8895                   0
  0.8905                   0
  0.8915                   0
  0.8925                   0
  0.8935                   0
  0.8945                   0
  0.8955                   0
  0.8965                   0
  0.8975                   0
  0.8985                   0
  0.8995                   0
  0.9005                   0
  0.9015                   0
  0.9025                   0
  0.9035                   0
  0.9045                   0
  0.9055                   0
  0.9065                   0
  0.9075                   0
  0.9085                   0
  0.9095                   0
  0.9105                   0
  0.9115                   0
  0.9125                   0
  0.9135                   0
  0.9145                   0
  0.9155                   0
  0.9165                   0
  0.9175                   0
  0.9185                   0
  0.9195                   0
  0.9205                   0
  0.9215                   0
  0.9225                   0
  0.9235                   0
  0.9245                   0
  0.9255                   0
  0.9265                   0
  0.9275                   0
  0.9285                   0
  0.9295                   0
  0.9305                   0
  0.9315                   0
  0.9325                   0
  0.9335                   0
  0.9345                   0
  0.9355                   0
  0.9365                   0
  0.9375                   0
  0.9385                   0
  0.9395                   0
  0.9405                   0
  0.9415                   0
  0.9425                   0
  0.9435                   0
  0.9445                   0
  0.9455                   0
  0.9465                   0
  0.9475                   0
  0.9485                   0
  0.9495                   0
  0.9505                   0
  0.9515                   0
  0.9525                   0
  0.9535                   0
  0.9545                   0
  0.9555                   0
  0.9565                   0
  0.9575                   0
  0.9585                   0
  0.9595                   0
  0.9605                   0
  0.9615                   0
  0.9625                   0
  0.9635                   0
  0.9645                   0
  0.9655                   0
  0.9665                   0
  0.9675                   0
  0.9685                   0
  0.9695                   0
  0.9705                   0
  0.9715                   0
  0.9725                   0
  0.9735                   0
  0.9745                   0
  0.9755                   0
  0.9765                   0
  0.9775                   0
  0.9785                   0
  0.9795                   0
  0.9805                   0
  0.9815                   0
  0.9825                   0
  0.9835                   0
  0.9845                   0
  0.9855                   0
  0.9865                   0
  0.9875                   0
  0.9885                   0
  0.9895                   0
  0.9905                   0
  0.9915                   0
  0.9925                   0
  0.9935                   0
  0.9945                   0
  0.9955                   0
  0.9965                   0
  0.9975                   0
  0.9985                   0
  0.9995                   0
  1.0005                   0
  1.0015                   0
  1.0025                   0
  1.0035                   0
  1.0045                   0
  1.0055                   0
  1.0065                   0
  1.0075                   0
  1.0085                   0
  1.0095                   0
  1.0105                   0
  1.0115                   0
  1.0125                   0
  1.0135                   0
  1.0145                   0
  1.0155                   0
  1.0165                   0
  1.0175                   0
  1.0185                   0
  1.0195                   0
  1.0205                   0
  1.0215                   0
  1.0225                   0
  1.0235                   0
  1.0245                   0
  1.0255                   0
  1.0265                   0
  1.0275                   0
  1.0285                   0
  1.0295                   0
  1.0305                   0
  1.0315                   0
  1.0325                   0
  1.0335                   0
  1.0345                   0
  1.0355                   0
  1.0365                   0
  1.0375                   0
  1.0385                   0
  1.0395                   0
  1.0405                   0
  1.0415                   0
  1.0425                   0
  1.0435                   0
  1.0445                   0
  1.0455                   0
  1.0465                   0
  1.0475                   0
  1.0485                   0
  1.0495                   0
  1.0505                   0
  1.0515                   0
  1.0525                   0
  1.0535                   0
  1.0545                   0
  1.0555                   0
  1.0565                   0
  1.0575                   0
  1.0585                   0
  1.0595                   0
  1.0605                   0
  1.0615                   0
  1.0625                   0
  1.0635                   0
  1.0645                   0
  1.0655                   0
  1.0665                   0
  1.0675                   0
  1.0685                   0
  1.0695                   0
  1.0705                   0
  1.0715                   0
  1.0725                   0
  1.0735                   0
  1.0745                   0
  1.0755                   0
  1.0765                   0
  1.0775                   0
  1.0785                   0
  1.0795                   0
  1.0805                   0
  1.0815                   0
  1.0825                   0
  1.0835                   0
  1.0845                   0
  1.0855                   0
  1.0865                   0
  1.0875                   0
  1.0885                   0
  1.0895                   0
  1.0905                   0
  1.0915                   0
  1.0925                   0
  1.0935                   0
  1.0945                   0
  1.0955                   0
  1.0965                   0
  1.0975                   0
  1.0985                   0
  1.0995                   0
  1.1005                   0
  1.1015                   0
  1.1025                   0
  1.1035                   0
  1.1045                   0
  1.1055                   0
  1.1065                   0
  1.1075                   0
  1.1085                   0
  1.1095                   0
  1.1105                   0
  1.1115                   0
  1.1125                   0
  1.1135                   0
  1.1145                   0
  1.1155                   0
  1.1165                   0
  1.1175                   0
  1.1185                   0
  1.1195                   0
  1.1205                   0
  1.1215                   0
  1.1225                   0
  1.1235                   0
  1.1245                   0
  1.1255                   0
  1.1265                   0
  1.1275                   0
  1.1285                   0
  1.1295                   0
  1.1305                   0
  1.1315                   0
  1.1325                   0
  1.1335                   0
  1.1345                   0
  1.1355                   0
  1.1365                   0
  1.1375                   0
  1.1385                   0
  1.1395                   0
  1.1405                   0
  1.1415                   0
  1.1425                   0
  1.1435                   0
  1.1445                   0
  1.1455                   0
  1.1465                   0
  1.1475                   0
  1.1485                   0
  1.1495                   0
  1.1505                   0
  1.1515                   0
  1.1525                   0
  1.1535                   0
  1.1545                   0
  1.1555                   0
  1.1565                   0
  1.1575                   0
  1.1585                   0
  1.1595                   0
  1.1605                   0
  1.1615                   0
  1.1625                   0
  1.1635                   0
  1.1645                   0
  1.1655                   0
  1.1665                   0
  1.1675                   0
  1.1685                   0
  1.1695                   0
  1.1705                   0
  1.1715                   0
  1.1725                   0
  1.1735                   0
  1.1745                   0
  1.1755                   0
  1.1765                   0
  1.1775                   0
  1.1785                   0
  1.1795                   0
  1.1805                   0
  1.1815                   0
  1.1825                   0
  1.1835                   0
  1.1845                   0
  1.1855                   0
  1.1865                   0
  1.1875                   0
  1.1885                   0
  1.1895                   0
  1.1905                   0
  1.1915                   0
  1.1925                   0
  1.1935                   0
  1.1945                   0
  1.1955                   0
  1.1965                   0
  1.1975                   0
  1.1985                   0
  1.1995                   0
  1.2005                   0
  1.2015                   0
  1.2025                   0
  1.2035                   0
  1.2045                   0
  1.2055                   0
  1.2065                   0
  1.2075                   0
  1.2085                   0
  1.2095                   0
  1.2105                   0
  1.2115                   0
  1.2125                   0
  1.2135                   0
  1.2145                   0
  1.2155                   0
  1.2165                   0
  1.2175                   0
  1.2185                   0
  1.2195                   0
  1.2205                   0
  1.2215                   0
  1.2225                   0
  1.2235                   0
  1.2245                   0
  1.2255                   0
  1.2265                   0
  1.2275                   0
  1.2285                   0
  1.2295                   0
  1.2305                   0
  1.2315                   0
  1.2325                   0
  1.2335                   0
  1.2345                   0
  1.2355                   0
  1.2365                   0
  1.2375                   0
  1.2385                   0
  1.2395                   0
  1.2405                   0
  1.2415                   0
  1.2425                   0
  1.2435                   0
  1.2445                   0
  1.2455                   0
  1.2465                   0
  1.2475                   0
  1.2485                   0
  1.2495                   0
  1.2505                   0
  1.2515                   0
  1.2525                   0
  1.2535                   0
  1.2545                   0
  1.2555                   0
  1.2565                   0
  1.2575                   0
  1.2585                   0
  1.2595                   0
  1.2605                   0
  1.2615                   0
  1.2625                   0
  1.2635                   0
  1.2645                   0
  1.2655                   0
  1.2665                   0
  1.2675                   0
  1.2685                   0
  1.2695                   0
  1.2705                   0
  1.2715                   0
  1.2725                   0
  1.2735                   0
  1.2745                   0
  1.2755                   0
  1.2765                   0
  1.2775                   0
  1.2785                   0
  1.2795                   0
  1.2805                   0
  1.2815                   0
  1.2825                   0
  1.2835                   0
  1.2845                   0
  1.2855                   0
  1.2865                   0
  1.2875                   0
  1.2885                   0
  1.2895                   0
  1.2905                   0
  1.2915                   0
  1.2925                   0
  1.2935                   0
  1.2945                   0
  1.2955                   0
  1.2965                   0
  1.2975                   0
  1.2985                   0
  1.2995                   0
  1.3005                   0
  1.3015                   0
  1.3025                   0
  1.3035                   0
  1.3045                   0
  1.3055                   0
  1.3065                   0
  1.3075                   0
  1.3085                   0
  1.3095                   0
  1.3105                   0
  1.3115                   0
  1.3125                   0
  1.3135                   0
  1.3145                   0
  1.3155                   0
  1.3165                   0
  1.3175                   0
  1.3185                   0
  1.3195                   0
  1.3205                   0
  1.3215                   0
  1.3225                   0
  1.3235                   0
  1.3245                   0
  1.3255                   0
  1.3265                   0
  1.3275                   0
  1.3285                   0
  1.3295                   0
  1.3305                   0
  1.3315                   0
  1.3325                   0
  1.3335                   0
  1.3345                   0
  1.3355                   0
  1.3365                   0
  1.3375                   0
  1.3385                   0
  1.3395                   0
  1.3405                   0
  1.3415                   0
  1.3425                   0
  1.3435                   0
  1.3445                   0
  1.3455                   0
  1.3465                   0
  1.3475                   0
  1.3485                   0
  1.3495                   0
  1.3505                   0
  1.3515                   0
  1.3525                   0
  1.3535                   0
  1.3545                   0
  1.3555                   0
  1.3565                   0
  1.3575                   0
  1.3585                   0
  1.3595                   0
  1.3605                   0
  1.3615                   0
  1.3625                   0
  1.3635                   0
  1.3645                   0
  1.3655                   0
  1.3665                   0
  1.3675                   0
  1.3685                   0
  1.3695                   0
  1.3705                   0
  1.3715                   0
  1.3725                   0
  1.3735                   0
  1.3745                   0
  1.3755                   0
  1.3765                   0
  1.3775                   0
  1.3785                   0
  1.3795                   0
  1.3805                   0
  1.3815                   0
  1.3825                   0
  1.3835                   0
  1.3845                   0
  1.3855                   0
  1.3865                   0
  1.3875                   0
  1.3885                   0
  1.3895                   0
  1.3905                   0
  1.3915                   0
  1.3925                   0
  1.3935                   0
  1.3945                   0
  1.3955                   0
  1.3965                   0
  1.3975                   0
  1.3985                   0
  1.3995                   0
  1.4005                   0
  1.4015                   0
  1.4025                   0
  1.4035                   0
  1.4045                   0
  1.4055                   0
  1.4065                   0
  1.4075                   0
  1.4085                   0
  1.4095                   0
  1.4105                   0
  1.4115                   0
  1.4125                   0
  1.4135                   0
  1.4145                   0
  1.4155                   0
  1.4165                   0
  1.4175                   0
  1.4185                   0
  1.4195                   0
  1.4205                   0
  1.4215                   0
  1.4225                   0
  1.4235                   0
  1.4245                   0
  1.4255                   0
  1.4265                   0
  1.4275                   0
  1.4285                   0
  1.4295                   0
  1.4305                   0
  1.4315                   0
  1.4325                   0
  1.4335                   0
  1.4345                   0
  1.4355                   0
  1.4365                   0
  1.4375                   0
  1.4385                   0
  1.4395                   0
  1.4405                   0
  1.4415                   0
  1.4425                   0
  1.4435                   0
  1.4445                   0
  1.4455                   0
  1.4465                   0
  1.4475                   0
  1.4485                   0
  1.4495                   0
  1.4505                   0
  1.4515                   0
  1.4525                   0
  1.4535                   0
  1.4545                   0
  1.4555                   0
  1.4565                   0
  1.4575                   0
  1.4585                   0
  1.4595                   0
  1.4605                   0
  1.4615                   0
  1.4625                   0
  1.4635                   0
  1.4645                   0
  1.4655                   0
  1.4665                   0
  1.4675                   0
  1.4685                   0
  1.4695                   0
  1.4705                   0
  1.4715                   0
  1.4725                   0
  1.4735                   0
  1.4745                   0
  1.4755                   0
  1.4765                   0
  1.4775                   0
  1.4785                   0
  1.4795                   0
  1.4805                   0
  1.4815                   0
  1.4825                   0
  1.4835                   0
  1.4845                   0
  1.4855                   0
  1.4865                   0
  1.4875                   0
  1.4885                   0
  1.4895                   0
  1.4905                   0
  1.4915                   0
  1.4925                   0
  1.4935                   0
  1.4945                   0
  1.4955                   0
  1.4965                   0
  1.4975                   0
  1.4985                   0
  1.4995                   0
  1.5005                   0
  1.5015                   0
  1.5025                   0
  1.5035                   0
  1.5045                   0
  1.5055                   0
  1.5065                   0
  1.5075                   0
  1.5085                   0
  1.5095                   0
  1.5105                   0
  1.5115                   0
  1.5125                   0
  1.5135                   0
  1.5145                   0
  1.5155                   0
  1.5165                   0
  1.5175                   0
  1.5185                   0
  1.5195                   0
  1.5205                   0
  1.5215                   0
  1.5225                   0
  1.5235                   0
  1.5245                   0
  1.5255                   0
  1.5265                   0
  1.5275                   0
  1.5285                   0
  1.5295                   0
  1.5305                   0
  1.5315                   0
  1.5325                   0
  1.5335                   0
  1.5345                   0
  1.5355                   0
  1.5365                   0
  1.5375                   0
  1.5385                   0
  1.5395                   0
  1.5405                   0
  1.5415                   0
  1.5425                   0
  1.5435                   0
  1.5445                   0
  1.5455                   0
  1.5465                   0
  1.5475                   0
  1.5485                   0
  1.5495                   0
  1.5505                   0
  1.5515                   0
  1.5525                   0
  1.5535                   0
  1.5545                   0
  1.5555                   0
  1.5565                   0
  1.5575                   0
  1.5585                   0
  1.5595                   0
  1.5605                   0
  1.5615                   0
  1.5625                   0
  1.5635                   0
  1.5645                   0
  1.5655                   0
  1.5665                   0
  1.5675                   0
  1.5685                   0
  1.5695                   0
  1.5705                   0
  1.5715                   0
  1.5725                   0
  1.5735                   0
  1.5745                   0
  1.5755                   0
  1.5765                   0
  1.5775                   0
  1.5785                   0
  1.5795                   0
  1.5805                   0
  1.5815                   0
  1.5825                   0
  1.5835                   0
  1.5845                   0
  1.5855                   0
  1.5865                   0
  1.5875                   0
  1.5885                   0
  1.5895                   0
  1.5905                   0
  1.5915                   0
  1.5925                   0
  1.5935                   0
  1.5945                   0
  1.5955                   0
  1.5965                   0
  1.5975                   0
  1.5985                   0
  1.5995                   0
  1.6005                   0
  1.6015                   0
  1.6025                   0
  1.6035                   0
  1.6045                   0
  1.6055                   0
  1.6065                   0
  1.6075                   0
  1.6085                   0
  1.6095                   0
  1.6105                   0
  1.6115                   0
  1.6125                   0
  1.6135                   0
  1.6145                   0
  1.6155                   0
  1.6165                   0
  1.6175                   0
  1.6185                   0
  1.6195                   0
  1.6205                   0
  1.6215                   0
  1.6225                   0
  1.6235                   0
  1.6245                   0
  1.6255                   0
  1.6265                   0
  1.6275                   0
  1.6285                   0
  1.6295                   0
  1.6305                   0
  1.6315                   0
  1.6325                   0
  1.6335                   0
  1.6345                   0
  1.6355                   0
  1.6365                   0
  1.6375                   0
  1.6385                   0
  1.6395                   0
  1.6405                   0
  1.6415                   0
  1.6425                   0
  1.6435                   0
  1.6445                   0
  1.6455                   0
  1.6465                   0
  1.6475                   0
  1.6485                   0
  1.6495                   0
  1.6505                   0
  1.6515                   0
  1.6525                   0
  1.6535                   0
  1.6545                   0
  1.6555                   0
  1.6565                   0
  1.6575                   0
  1.6585                   0
  1.6595                   0
  1.6605                   0
  1.6615                   0
  1.6625                   0
  1.6635                   0
  1.6645                   0
  1.6655                   0
  1.6665                   0
  1.6675                   0
  1.6685                   0
  1.6695                   0
  1.6705                   0
  1.6715                   0
  1.6725                   0
  1.6735                   0
  1.6745                   0
  1.6755                   0
  1.6765                   0
  1.6775                   0
  1.6785                   0
  1.6795                   0
  1.6805                   0
  1.6815                   0
  1.6825                   0
  1.6835                   0
  1.6845                   0
  1.6855                   0
  1.6865                   0
  1.6875                   0
  1.6885                   0
  1.6895                   0
  1.6905                   0
  1.6915                   0
  1.6925                   0
  1.6935                   0
  1.6945                   0
  1.6955                   0
  1.6965                   0
  1.6975                   0
  1.6985                   0
  1.6995                   0
  1.7005                   0
  1.7015                   0
  1.7025                   0
  1.7035                   0
  1.7045                   0
  1.7055                   0
  1.7065                   0
  1.7075                   0
  1.7085                   0
  1.7095                   0
  1.7105                   0
  1.7115                   0
  1.7125                   0
  1.7135                   0
  1.7145                   0
  1.7155                   0
  1.7165                   0
  1.7175                   0
  1.7185                   0
  1.7195                   0
  1.7205                   0
  1.7215                   0
  1.7225                   0
  1.7235                   0
  1.7245                   0
  1.7255                   0
  1.7265                   0
  1.7275                   0
  1.7285                   0
  1.7295                   0
  1.7305                   0
  1.7315                   0
  1.7325                   0
  1.7335                   0
  1.7345                   0
  1.7355                   0
  1.7365                   0
  1.7375                   0
  1.7385                   0
  1.7395                   0
  1.7405                   0
  1.7415                   0
  1.7425                   0
  1.7435                   0
  1.7445                   0
  1.7455                   0
  1.7465                   0
  1.7475                   0
  1.7485                   0
  1.7495                   0
  1.7505                   0
  1.7515                   0
  1.7525                   0
  1.7535                   0
  1.7545                   0
  1.7555                   0
  1.7565                   0
  1.7575                   0
  1.7585                   0
  1.7595                   0
  1.7605                   0
  1.7615                   0
  1.7625                   0
  1.7635                   0
  1.7645                   0
  1.7655                   0
  1.7665                   0
  1.7675                   0
  1.7685                   0
  1.7695                   0
  1.7705                   0
  1.7715                   0
  1.7725                   0
  1.7735                   0
  1.7745                   0
  1.7755                   0
  1.7765                   0
  1.7775                   0
  1.7785                   0
  1.7795                   0
  1.7805                   0
  1.7815                   0
  1.7825                   0
  1.7835                   0
  1.7845                   0
  1.7855                   0
  1.7865                   0
  1.7875                   0
  1.7885                   0
  1.7895                   0
  1.7905                   0
  1.7915                   0
  1.7925                   0
  1.7935                   0
  1.7945                   0
  1.7955                   0
  1.7965                   0
  1.7975                   0
  1.7985                   0
  1.7995                   0
  1.8005                   0
  1.8015                   0
  1.8025                   0
  1.8035                   0
  1.8045                   0
  1.8055                   0
  1.8065                   0
  1.8075                   0
  1.8085                   0
  1.8095                   0
  1.8105                   0
  1.8115                   0
  1.8125                   0
  1.8135                   0
  1.8145                   0
  1.8155                   0
  1.8165                   0
  1.8175                   0
  1.8185                   0
  1.8195                   0
  1.8205                   0
  1.8215                   0
  1.8225                   0
  1.8235                   0
  1.8245                   0
  1.8255                   0
  1.8265                   0
  1.8275                   0
  1.8285                   0
  1.8295                   0
  1.8305                   0
  1.8315                   0
  1.8325                   0
  1.8335                   0
  1.8345                   0
  1.8355                   0
  1.8365                   0
  1.8375                   0
  1.8385                   0
  1.8395                   0
  1.8405                   0
  1.8415                   0
  1.8425                   0
  1.8435                   0
  1.8445                   0
  1.8455                   0
  1.8465                   0
  1.8475                   0
  1.8485                   0
  1.8495                   0
  1.8505                   0
  1.8515                   0
  1.8525                   0
  1.8535                   0
  1.8545                   0
  1.8555                   0
  1.8565                   0
  1.8575                   0
  1.8585                   0
  1.8595                   0
  1.8605                   0
  1.8615                   0
  1.8625                   0
  1.8635                   0
  1.8645                   0
  1.8655                   0
  1.8665                   0
  1.8675                   0
  1.8685                   0
  1.8695                   0
  1.8705                   0
  1.8715                   0
  1.8725                   0
  1.8735                   0
  1.8745                   0
  1.8755                   0
  1.8765                   0
  1.8775                   0
  1.8785                   0
  1.8795                   0
  1.8805                   0
  1.8815                   0
  1.8825                   0
  1.8835                   0
  1.8845                   0
  1.8855                   0
  1.8865                   0
  1.8875                   0
  1.8885                   0
  1.8895                   0
  1.8905                   0
  1.8915                   0
  1.8925                   0
  1.8935                   0
  1.8945                   0
  1.8955                   0
  1.8965                   0
  1.8975                   0
  1.8985                   0
  1.8995                   0
  1.9005                   0
  1.9015                   0
  1.9025                   0
  1.9035                   0
  1.9045                   0
  1.9055                   0
  1.9065                   0
  1.9075                   0
  1.9085                   0
  1.9095                   0
  1.9105                   0
  1.9115                   0
  1.9125                   0
  1.9135                   0
  1.9145                   0
  1.9155                   0
  1.9165                   0
  1.9175                   0
  1.9185                   0
  1.9195                   0
  1.9205                   0
  1.9215                   0
  1.9225                   0
  1.9235                   0
  1.9245                   0
  1.9255                   0
  1.9265                   0
  1.9275                   0
  1.9285                   0
  1.9295                   0
  1.9305                   0
  1.9315                   0
  1.9325                   0
  1.9335                   0
  1.9345                   0
  1.9355                   0
  1.9365                   0
  1.9375                   0
  1.9385                   0
  1.9395                   0
  1.9405                   0
  1.9415                   0
  1.9425                   0
  1.9435                   0
  1.9445                   0
  1.9455                   0
  1.9465                   0
  1.9475                   0
  1.9485                   0
  1.9495                   0
  1.9505                   0
  1.9515                   0
  1.9525                   0
  1.9535                   0
  1.9545                   0
  1.9555                   0
  1.9565                   0
  1.9575                   0
  1.9585                   0
  1.9595                   0
  1.9605                   0
  1.9615                   0
  1.9625                   0
  1.9635                   0
  1.9645                   0
  1.9655                   0
  1.9665                   0
  1.9675                   0
  1.9685                   0
  1.9695                   0
  1.9705                   0
  1.9715                   0
  1.9725                   0
  1.9735                   0
  1.9745                   0
  1.9755                   0
  1.9765                   0
  1.9775                   0
  1.9785                   0
  1.9795                   0
  1.9805                   0
  1.9815                   0
  1.9825                   0
  1.9835                   0
  1.9845                   0
  1.9855                   0
  1.9865                   0
  1.9875                   0
  1.9885                   0
  1.9895                   0
  1.9905                   0
  1.9915                   0
  1.9925                   0
  1.9935                   0
  1.9945                   0
  1.9955                   0
  1.9965                   0
  1.9975                   0
  1.9985                   0
  1.9995                   0
  2.0005                   0
