  0.0025     4.57982819E-003
  0.0075     0.00000000E+000
  0.0125     1.86501536E-003
  0.0175     5.38973991E-003
  0.0225     9.61983475E-003
  0.0275     1.41991944E-002
  0.0325     1.89769526E-002
  0.0375     2.38589790E-002
  0.0425     2.88001577E-002
  0.0475     3.37760950E-002
  0.0525     3.87790572E-002
  0.0575     4.37846061E-002
  0.0625     4.88033371E-002
  0.0675     5.38187505E-002
  0.0725     5.88468800E-002
  0.0775     6.38790262E-002
  0.0825     6.89093196E-002
  0.0875     7.39371594E-002
  0.0925     7.89648857E-002
  0.0975     8.39974939E-002
  0.1025     8.90312659E-002
  0.1075     9.40520851E-002
  0.1125     9.90787644E-002
  0.1175     1.04110820E-001
  0.1225     1.09140521E-001
  0.1275     1.14168322E-001
  0.1325     1.19201650E-001
  0.1375     1.24239294E-001
  0.1425     1.29268866E-001
  0.1475     1.34301706E-001
  0.1525     1.39331651E-001
  0.1575     1.44360729E-001
  0.1625     1.49383009E-001
  0.1675     1.54417028E-001
  0.1725     1.59446112E-001
  0.1775     1.64474635E-001
  0.1825     1.69508489E-001
  0.1875     1.74540326E-001
  0.1925     1.79581889E-001
  0.1975     1.84615137E-001
  0.2025     1.89636608E-001
  0.2075     1.94661351E-001
  0.2125     1.99688178E-001
  0.2175     2.04714580E-001
  0.2225     2.09749030E-001
  0.2275     2.14779378E-001
  0.2325     2.19812855E-001
  0.2375     2.24845082E-001
  0.2425     2.29876745E-001
  0.2475     2.34914737E-001
  0.2525     2.39949957E-001
  0.2575     2.44982961E-001
  0.2625     2.50001609E-001
  0.2675     2.55035446E-001
  0.2725     2.60059375E-001
  0.2775     2.65091377E-001
  0.2825     2.70124508E-001
  0.2875     2.75156423E-001
  0.2925     2.80192791E-001
  0.2975     2.85222891E-001
  0.3025     2.90255468E-001
  0.3075     2.95277816E-001
  0.3125     3.00310641E-001
  0.3175     3.05340228E-001
  0.3225     3.10366674E-001
  0.3275     3.15390967E-001
  0.3325     3.20425227E-001
  0.3375     3.25468961E-001
  0.3425     3.30497666E-001
  0.3475     3.35518802E-001
  0.3525     3.40554190E-001
  0.3575     3.45583457E-001
  0.3625     3.50608566E-001
  0.3675     3.55641236E-001
  0.3725     3.60662032E-001
  0.3775     3.65693954E-001
  0.3825     3.70724360E-001
  0.3875     3.75756222E-001
  0.3925     3.80783647E-001
  0.3975     3.85822799E-001
  0.4025     3.90856066E-001
  0.4075     3.95876303E-001
  0.4125     4.00905300E-001
  0.4175     4.05928986E-001
  0.4225     4.10946725E-001
  0.4275     4.15981044E-001
  0.4325     4.21012133E-001
  0.4375     4.26049830E-001
  0.4425     4.31089654E-001
  0.4475     4.36116851E-001
  0.4525     4.41144690E-001
  0.4575     4.46174718E-001
  0.4625     4.51199561E-001
  0.4675     4.56221328E-001
  0.4725     4.61245182E-001
  0.4775     4.66274621E-001
  0.4825     4.71303318E-001
  0.4875     4.76339814E-001
  0.4925     4.81382076E-001
  0.4975     4.86411527E-001
  0.5025     4.91448303E-001
  0.5075     4.96476585E-001
  0.5125     5.01500445E-001
  0.5175     5.06520108E-001
  0.5225     5.11549073E-001
  0.5275     5.16585510E-001
  0.5325     5.21617551E-001
  0.5375     5.26654629E-001
  0.5425     5.31687125E-001
  0.5475     5.36714295E-001
  0.5525     5.41748071E-001
  0.5575     5.46778042E-001
  0.5625     5.51810430E-001
  0.5675     5.56837172E-001
  0.5725     5.61857749E-001
  0.5775     5.66895770E-001
  0.5825     5.71921454E-001
  0.5875     5.76945181E-001
  0.5925     5.81982664E-001
  0.5975     5.87022535E-001
  0.6025     5.92047750E-001
  0.6075     5.97069070E-001
  0.6125     6.02089862E-001
  0.6175     6.07123169E-001
  0.6225     6.12144564E-001
  0.6275     6.17180697E-001
  0.6325     6.22214214E-001
  0.6375     6.27244700E-001
  0.6425     6.32273997E-001
  0.6475     6.37300598E-001
  0.6525     6.42324590E-001
  0.6575     6.47356781E-001
  0.6625     6.52374906E-001
  0.6675     6.57413592E-001
  0.6725     6.62434493E-001
  0.6775     6.67464242E-001
  0.6825     6.72505308E-001
  0.6875     6.77541455E-001
  0.6925     6.82574101E-001
  0.6975     6.87601242E-001
  0.7025     6.92637600E-001
  0.7075     6.97664766E-001
  0.7125     7.02691791E-001
  0.7175     7.07716934E-001
  0.7225     7.12736765E-001
  0.7275     7.17770198E-001
  0.7325     7.22802094E-001
  0.7375     7.27829921E-001
  0.7425     7.32856730E-001
  0.7475     7.37898857E-001
  0.7525     7.42917319E-001
  0.7575     7.47944769E-001
  0.7625     7.52970175E-001
  0.7675     7.57997732E-001
  0.7725     7.63027776E-001
  0.7775     7.68040635E-001
  0.7825     7.73080004E-001
  0.7875     7.78117736E-001
  0.7925     7.83152986E-001
  0.7975     7.88197369E-001
  0.8025     7.93222488E-001
  0.8075     7.98250078E-001
  0.8125     8.03279484E-001
  0.8175     8.08304212E-001
  0.8225     8.13333718E-001
  0.8275     8.18363097E-001
  0.8325     8.23397029E-001
  0.8375     8.28434595E-001
  0.8425     8.33463899E-001
  0.8475     8.38500940E-001
  0.8525     8.43532474E-001
  0.8575     8.48558223E-001
  0.8625     8.53598829E-001
  0.8675     8.58613417E-001
  0.8725     8.63637188E-001
  0.8775     8.68671742E-001
  0.8825     8.73706544E-001
  0.8875     8.78746048E-001
  0.8925     8.83778117E-001
  0.8975     8.88812030E-001
  0.9025     8.93842626E-001
  0.9075     8.98862621E-001
  0.9125     9.03890544E-001
  0.9175     9.08917776E-001
  0.9225     9.13954227E-001
  0.9275     9.18979759E-001
  0.9325     9.24014445E-001
  0.9375     9.29064240E-001
  0.9425     9.34092481E-001
  0.9475     9.39125155E-001
  0.9525     9.44165318E-001
  0.9575     9.49193352E-001
  0.9625     9.54221003E-001
  0.9675     9.59244349E-001
  0.9725     9.64268819E-001
  0.9775     9.69297207E-001
  0.9825     9.74307178E-001
  0.9875     9.79320850E-001
  0.9925     9.84316790E-001
  0.9975     9.89285017E-001
  1.0025     9.88206817E-001
  1.0075     1.00340460E+000
  1.0125     1.01859324E+000
  1.0175     1.03378386E+000
  1.0225     1.04897068E+000
  1.0275     1.06415080E+000
  1.0325     1.07931011E+000
  1.0375     1.09450794E+000
  1.0425     1.10967705E+000
  1.0475     1.12487360E+000
  1.0525     1.14003630E+000
  1.0575     1.15522368E+000
  1.0625     1.17040353E+000
  1.0675     1.18557342E+000
  1.0725     1.20074021E+000
  1.0775     1.21592310E+000
  1.0825     1.23108972E+000
  1.0875     1.24627773E+000
  1.0925     1.26145605E+000
  1.0975     1.27663235E+000
  1.1025     1.29181274E+000
  1.1075     1.30698870E+000
  1.1125     1.32218318E+000
  1.1175     1.33737762E+000
  1.1225     1.35256764E+000
  1.1275     1.36773030E+000
  1.1325     1.38291446E+000
  1.1375     1.39811573E+000
  1.1425     1.41326737E+000
  1.1475     1.42845352E+000
  1.1525     1.44364848E+000
  1.1575     1.45884537E+000
  1.1625     1.47402282E+000
  1.1675     1.48922649E+000
  1.1725     1.50441714E+000
  1.1775     1.51958817E+000
  1.1825     1.53476015E+000
  1.1875     1.54994821E+000
  1.1925     1.56512728E+000
  1.1975     1.58032758E+000
  1.2025     1.59551731E+000
  1.2075     1.61068628E+000
  1.2125     1.62587810E+000
  1.2175     1.64105840E+000
  1.2225     1.65625312E+000
  1.2275     1.67144089E+000
  1.2325     1.68662795E+000
  1.2375     1.70183245E+000
  1.2425     1.71703472E+000
  1.2475     1.73220127E+000
  1.2525     1.74738257E+000
  1.2575     1.76258155E+000
  1.2625     1.77775774E+000
  1.2675     1.79294216E+000
  1.2725     1.80811712E+000
  1.2775     1.82329840E+000
  1.2825     1.83848194E+000
  1.2875     1.85366212E+000
  1.2925     1.86883853E+000
  1.2975     1.88403765E+000
  1.3025     1.89920356E+000
  1.3075     1.91439652E+000
  1.3125     1.92958977E+000
  1.3175     1.94475915E+000
  1.3225     1.95992920E+000
  1.3275     1.97514057E+000
  1.3325     1.99032069E+000
  1.3375     2.00552158E+000
  1.3425     2.02066369E+000
  1.3475     2.03584885E+000
  1.3525     2.05102055E+000
  1.3575     2.06620659E+000
  1.3625     2.08137953E+000
  1.3675     2.09656962E+000
  1.3725     2.11175589E+000
  1.3775     2.12697260E+000
  1.3825     2.14214944E+000
  1.3875     2.15733599E+000
  1.3925     2.17254955E+000
  1.3975     2.18774402E+000
  1.4025     2.20294158E+000
  1.4075     2.21812856E+000
  1.4125     2.23330176E+000
  1.4175     2.24851397E+000
  1.4225     2.26368707E+000
  1.4275     2.27885831E+000
  1.4325     2.29402028E+000
  1.4375     2.30915789E+000
  1.4425     2.32433769E+000
  1.4475     2.33952648E+000
  1.4525     2.35474405E+000
  1.4575     2.36996977E+000
  1.4625     2.38514037E+000
  1.4675     2.40034014E+000
  1.4725     2.41550459E+000
  1.4775     2.43070185E+000
  1.4825     2.44591458E+000
  1.4875     2.46109842E+000
  1.4925     2.47629045E+000
  1.4975     2.49149918E+000
  1.5025     2.50669885E+000
  1.5075     2.52186021E+000
  1.5125     2.53709135E+000
  1.5175     2.55225273E+000
  1.5225     2.56744410E+000
  1.5275     2.58262694E+000
  1.5325     2.59782688E+000
  1.5375     2.61302348E+000
  1.5425     2.62820533E+000
  1.5475     2.64340923E+000
  1.5525     2.65858895E+000
  1.5575     2.67378544E+000
  1.5625     2.68896764E+000
  1.5675     2.70417925E+000
  1.5725     2.71934740E+000
  1.5775     2.73454175E+000
  1.5825     2.74973560E+000
  1.5875     2.76494214E+000
  1.5925     2.78009702E+000
  1.5975     2.79531430E+000
  1.6025     2.81050556E+000
  1.6075     2.82568640E+000
  1.6125     2.84085102E+000
  1.6175     2.85601278E+000
  1.6225     2.87119952E+000
  1.6275     2.88642214E+000
  1.6325     2.90159977E+000
  1.6375     2.91677191E+000
  1.6425     2.93200570E+000
  1.6475     2.94717667E+000
  1.6525     2.96241150E+000
  1.6575     2.97758294E+000
  1.6625     2.99274700E+000
  1.6675     3.00794395E+000
  1.6725     3.02313745E+000
  1.6775     3.03836160E+000
  1.6825     3.05350774E+000
  1.6875     3.06866741E+000
  1.6925     3.08385553E+000
  1.6975     3.09904100E+000
  1.7025     3.11420469E+000
  1.7075     3.12940782E+000
  1.7125     3.14460277E+000
  1.7175     3.15974611E+000
  1.7225     3.17495875E+000
  1.7275     3.19016439E+000
  1.7325     3.20536011E+000
  1.7375     3.22056253E+000
  1.7425     3.23570916E+000
  1.7475     3.25086819E+000
  1.7525     3.26605332E+000
  1.7575     3.28120905E+000
  1.7625     3.29637650E+000
  1.7675     3.31157448E+000
  1.7725     3.32669681E+000
  1.7775     3.34188093E+000
  1.7825     3.35711135E+000
  1.7875     3.37227869E+000
  1.7925     3.38747923E+000
  1.7975     3.40266650E+000
  1.8025     3.41786502E+000
  1.8075     3.43308384E+000
  1.8125     3.44826991E+000
  1.8175     3.46346217E+000
  1.8225     3.47865446E+000
  1.8275     3.49381722E+000
  1.8325     3.50898278E+000
  1.8375     3.52417989E+000
  1.8425     3.53937126E+000
  1.8475     3.55451595E+000
  1.8525     3.56973090E+000
  1.8575     3.58491493E+000
  1.8625     3.60005118E+000
  1.8675     3.61529022E+000
  1.8725     3.63048394E+000
  1.8775     3.64571090E+000
  1.8825     3.66098794E+000
  1.8875     3.67620965E+000
  1.8925     3.69141887E+000
  1.8975     3.70662628E+000
  1.9025     3.72184619E+000
  1.9075     3.73707477E+000
  1.9125     3.75224042E+000
  1.9175     3.76747323E+000
  1.9225     3.78272887E+000
  1.9275     3.79789651E+000
  1.9325     3.81308624E+000
  1.9375     3.82824749E+000
  1.9425     3.84342000E+000
  1.9475     3.85855707E+000
  1.9525     3.87373050E+000
  1.9575     3.88893557E+000
  1.9625     3.90419372E+000
  1.9675     3.91938238E+000
  1.9725     3.93470159E+000
  1.9775     3.95002013E+000
  1.9825     3.96545118E+000
  1.9875     3.98109378E+000
  1.9925     3.99703434E+000
  1.9975     4.00955562E+000
