 -1.4315     2.57835929E+000
 -1.4305     2.58050464E+000
 -1.4295     2.56976488E+000
 -1.4285     2.58383166E+000
 -1.4275     2.57711023E+000
 -1.4265     2.57209569E+000
 -1.4255     2.57000316E+000
 -1.4245     2.56755344E+000
 -1.4235     2.56509081E+000
 -1.4225     2.56407142E+000
 -1.4215     2.56212793E+000
 -1.4205     2.56004480E+000
 -1.4195     2.55814594E+000
 -1.4185     2.55602255E+000
 -1.4175     2.55400421E+000
 -1.4165     2.55193201E+000
 -1.4155     2.54966335E+000
 -1.4145     2.54750029E+000
 -1.4135     2.54552448E+000
 -1.4125     2.54329462E+000
 -1.4115     2.54120429E+000
 -1.4105     2.53914089E+000
 -1.4095     2.53698389E+000
 -1.4085     2.53488744E+000
 -1.4075     2.53275598E+000
 -1.4065     2.53068801E+000
 -1.4055     2.52851722E+000
 -1.4045     2.52642159E+000
 -1.4035     2.52433588E+000
 -1.4025     2.52221021E+000
 -1.4015     2.52011265E+000
 -1.4005     2.51802716E+000
 -1.3995     2.51590543E+000
 -1.3985     2.51381122E+000
 -1.3975     2.51171783E+000
 -1.3965     2.50960952E+000
 -1.3955     2.50751871E+000
 -1.3945     2.50544031E+000
 -1.3935     2.50332294E+000
 -1.3925     2.50125425E+000
 -1.3915     2.49915483E+000
 -1.3905     2.49706243E+000
 -1.3895     2.49497510E+000
 -1.3885     2.49288823E+000
 -1.3875     2.49081060E+000
 -1.3865     2.48871421E+000
 -1.3855     2.48662954E+000
 -1.3845     2.48455309E+000
 -1.3835     2.48248508E+000
 -1.3825     2.48039010E+000
 -1.3815     2.47830452E+000
 -1.3805     2.47624085E+000
 -1.3795     2.47417166E+000
 -1.3785     2.47209573E+000
 -1.3775     2.47002343E+000
 -1.3765     2.46794699E+000
 -1.3755     2.46588267E+000
 -1.3745     2.46384017E+000
 -1.3735     2.46177106E+000
 -1.3725     2.45969916E+000
 -1.3715     2.45764720E+000
 -1.3705     2.45558010E+000
 -1.3695     2.45352179E+000
 -1.3685     2.45146136E+000
 -1.3675     2.44940951E+000
 -1.3665     2.44736146E+000
 -1.3655     2.44528940E+000
 -1.3645     2.44322777E+000
 -1.3635     2.44118147E+000
 -1.3625     2.43915057E+000
 -1.3615     2.43709045E+000
 -1.3605     2.43503604E+000
 -1.3595     2.43300175E+000
 -1.3585     2.43094571E+000
 -1.3575     2.42891144E+000
 -1.3565     2.42688306E+000
 -1.3555     2.42483611E+000
 -1.3545     2.42280653E+000
 -1.3535     2.42078310E+000
 -1.3525     2.41873134E+000
 -1.3515     2.41671957E+000
 -1.3505     2.41468097E+000
 -1.3495     2.41264882E+000
 -1.3485     2.41062240E+000
 -1.3475     2.40859564E+000
 -1.3465     2.40657149E+000
 -1.3455     2.40453158E+000
 -1.3445     2.40252779E+000
 -1.3435     2.40047593E+000
 -1.3425     2.39848365E+000
 -1.3415     2.39645725E+000
 -1.3405     2.39445073E+000
 -1.3395     2.39241639E+000
 -1.3385     2.39041022E+000
 -1.3375     2.38840494E+000
 -1.3365     2.38639359E+000
 -1.3355     2.38440027E+000
 -1.3345     2.38239436E+000
 -1.3335     2.38038870E+000
 -1.3325     2.37838543E+000
 -1.3315     2.37638145E+000
 -1.3305     2.37437304E+000
 -1.3295     2.37237810E+000
 -1.3285     2.37039573E+000
 -1.3275     2.36839224E+000
 -1.3265     2.36638029E+000
 -1.3255     2.36440504E+000
 -1.3245     2.36238826E+000
 -1.3235     2.36040105E+000
 -1.3225     2.35840642E+000
 -1.3215     2.35641809E+000
 -1.3205     2.35443555E+000
 -1.3195     2.35242342E+000
 -1.3185     2.35045773E+000
 -1.3175     2.34848540E+000
 -1.3165     2.34649604E+000
 -1.3155     2.34452032E+000
 -1.3145     2.34253183E+000
 -1.3135     2.34057434E+000
 -1.3125     2.33859947E+000
 -1.3115     2.33663676E+000
 -1.3105     2.33466389E+000
 -1.3095     2.33268816E+000
 -1.3085     2.33072330E+000
 -1.3075     2.32875094E+000
 -1.3065     2.32679159E+000
 -1.3055     2.32482499E+000
 -1.3045     2.32285858E+000
 -1.3035     2.32091337E+000
 -1.3025     2.31893730E+000
 -1.3015     2.31697817E+000
 -1.3005     2.31502351E+000
 -1.2995     2.31306464E+000
 -1.2985     2.31111062E+000
 -1.2975     2.30915488E+000
 -1.2965     2.30722688E+000
 -1.2955     2.30526668E+000
 -1.2945     2.30332238E+000
 -1.2935     2.30137591E+000
 -1.2925     2.29943909E+000
 -1.2915     2.29750049E+000
 -1.2905     2.29554900E+000
 -1.2895     2.29360656E+000
 -1.2885     2.29166737E+000
 -1.2875     2.28972468E+000
 -1.2865     2.28779289E+000
 -1.2855     2.28584743E+000
 -1.2845     2.28391304E+000
 -1.2835     2.28197906E+000
 -1.2825     2.28005966E+000
 -1.2815     2.27811929E+000
 -1.2805     2.27618717E+000
 -1.2795     2.27425813E+000
 -1.2785     2.27233367E+000
 -1.2775     2.27043009E+000
 -1.2765     2.26850503E+000
 -1.2755     2.26658523E+000
 -1.2745     2.26466488E+000
 -1.2735     2.26276494E+000
 -1.2725     2.26086053E+000
 -1.2715     2.25893514E+000
 -1.2705     2.25702803E+000
 -1.2695     2.25511806E+000
 -1.2685     2.25321176E+000
 -1.2675     2.25130141E+000
 -1.2665     2.24939161E+000
 -1.2655     2.24749717E+000
 -1.2645     2.24557317E+000
 -1.2635     2.24367959E+000
 -1.2625     2.24177410E+000
 -1.2615     2.23987333E+000
 -1.2605     2.23797408E+000
 -1.2595     2.23606828E+000
 -1.2585     2.23419036E+000
 -1.2575     2.23229015E+000
 -1.2565     2.23039660E+000
 -1.2555     2.22852038E+000
 -1.2545     2.22662764E+000
 -1.2535     2.22474245E+000
 -1.2525     2.22286692E+000
 -1.2515     2.22097917E+000
 -1.2505     2.21909937E+000
 -1.2495     2.21721295E+000
 -1.2485     2.21534170E+000
 -1.2475     2.21345343E+000
 -1.2465     2.21157209E+000
 -1.2455     2.20969921E+000
 -1.2445     2.20782516E+000
 -1.2435     2.20594847E+000
 -1.2425     2.20407989E+000
 -1.2415     2.20221658E+000
 -1.2405     2.20034229E+000
 -1.2395     2.19847127E+000
 -1.2385     2.19662277E+000
 -1.2375     2.19475885E+000
 -1.2365     2.19289945E+000
 -1.2355     2.19103943E+000
 -1.2345     2.18918968E+000
 -1.2335     2.18733206E+000
 -1.2325     2.18547500E+000
 -1.2315     2.18361272E+000
 -1.2305     2.18176288E+000
 -1.2295     2.17990824E+000
 -1.2285     2.17806827E+000
 -1.2275     2.17621938E+000
 -1.2265     2.17437358E+000
 -1.2255     2.17251980E+000
 -1.2245     2.17067286E+000
 -1.2235     2.16882471E+000
 -1.2225     2.16699017E+000
 -1.2215     2.16514547E+000
 -1.2205     2.16331551E+000
 -1.2195     2.16147583E+000
 -1.2185     2.15963865E+000
 -1.2175     2.15780463E+000
 -1.2165     2.15597315E+000
 -1.2155     2.15414234E+000
 -1.2145     2.15231889E+000
 -1.2135     2.15049961E+000
 -1.2125     2.14867310E+000
 -1.2115     2.14685153E+000
 -1.2105     2.14501915E+000
 -1.2095     2.14320393E+000
 -1.2085     2.14138913E+000
 -1.2075     2.13956697E+000
 -1.2065     2.13774838E+000
 -1.2055     2.13592001E+000
 -1.2045     2.13410791E+000
 -1.2035     2.13230115E+000
 -1.2025     2.13048982E+000
 -1.2015     2.12865927E+000
 -1.2005     2.12684497E+000
 -1.1995     2.12503585E+000
 -1.1985     2.12325172E+000
 -1.1975     2.12143434E+000
 -1.1965     2.11964032E+000
 -1.1955     2.11784895E+000
 -1.1945     2.11604079E+000
 -1.1935     2.11424382E+000
 -1.1925     2.11245209E+000
 -1.1915     2.11065131E+000
 -1.1905     2.10886045E+000
 -1.1895     2.10706680E+000
 -1.1885     2.10528376E+000
 -1.1875     2.10347058E+000
 -1.1865     2.10169526E+000
 -1.1855     2.09990382E+000
 -1.1845     2.09812078E+000
 -1.1835     2.09635016E+000
 -1.1825     2.09455712E+000
 -1.1815     2.09276740E+000
 -1.1805     2.09099429E+000
 -1.1795     2.08921025E+000
 -1.1785     2.08744114E+000
 -1.1775     2.08567276E+000
 -1.1765     2.08389113E+000
 -1.1755     2.08213192E+000
 -1.1745     2.08035798E+000
 -1.1735     2.07859293E+000
 -1.1725     2.07682354E+000
 -1.1715     2.07506931E+000
 -1.1705     2.07330318E+000
 -1.1695     2.07152773E+000
 -1.1685     2.06977387E+000
 -1.1675     2.06801180E+000
 -1.1665     2.06625588E+000
 -1.1655     2.06449736E+000
 -1.1645     2.06274165E+000
 -1.1635     2.06098185E+000
 -1.1625     2.05923592E+000
 -1.1615     2.05747935E+000
 -1.1605     2.05573173E+000
 -1.1595     2.05399211E+000
 -1.1585     2.05225158E+000
 -1.1575     2.05051329E+000
 -1.1565     2.04875817E+000
 -1.1555     2.04701762E+000
 -1.1545     2.04528098E+000
 -1.1535     2.04354895E+000
 -1.1525     2.04180744E+000
 -1.1515     2.04007129E+000
 -1.1505     2.03833862E+000
 -1.1495     2.03659791E+000
 -1.1485     2.03487770E+000
 -1.1475     2.03312576E+000
 -1.1465     2.03139440E+000
 -1.1455     2.02965929E+000
 -1.1445     2.02794518E+000
 -1.1435     2.02622606E+000
 -1.1425     2.02448775E+000
 -1.1415     2.02276562E+000
 -1.1405     2.02105128E+000
 -1.1395     2.01933352E+000
 -1.1385     2.01761735E+000
 -1.1375     2.01590333E+000
 -1.1365     2.01419548E+000
 -1.1355     2.01247586E+000
 -1.1345     2.01077269E+000
 -1.1335     2.00905346E+000
 -1.1325     2.00735644E+000
 -1.1315     2.00565240E+000
 -1.1305     2.00394026E+000
 -1.1295     2.00223970E+000
 -1.1285     2.00053199E+000
 -1.1275     1.99882905E+000
 -1.1265     1.99713256E+000
 -1.1255     1.99542641E+000
 -1.1245     1.99372293E+000
 -1.1235     1.99203399E+000
 -1.1225     1.99033487E+000
 -1.1215     1.98865381E+000
 -1.1205     1.98696371E+000
 -1.1195     1.98526968E+000
 -1.1185     1.98358260E+000
 -1.1175     1.98190128E+000
 -1.1165     1.98022975E+000
 -1.1155     1.97854196E+000
 -1.1145     1.97685312E+000
 -1.1135     1.97517388E+000
 -1.1125     1.97349613E+000
 -1.1115     1.97182226E+000
 -1.1105     1.97015392E+000
 -1.1095     1.96847332E+000
 -1.1085     1.96679816E+000
 -1.1075     1.96511967E+000
 -1.1065     1.96346195E+000
 -1.1055     1.96178218E+000
 -1.1045     1.96011725E+000
 -1.1035     1.95845475E+000
 -1.1025     1.95678442E+000
 -1.1015     1.95512965E+000
 -1.1005     1.95345983E+000
 -1.0995     1.95181008E+000
 -1.0985     1.95015941E+000
 -1.0975     1.94849636E+000
 -1.0965     1.94684853E+000
 -1.0955     1.94519179E+000
 -1.0945     1.94352563E+000
 -1.0935     1.94188234E+000
 -1.0925     1.94023869E+000
 -1.0915     1.93859172E+000
 -1.0905     1.93694248E+000
 -1.0895     1.93530098E+000
 -1.0885     1.93364982E+000
 -1.0875     1.93200467E+000
 -1.0865     1.93035513E+000
 -1.0855     1.92873508E+000
 -1.0845     1.92707233E+000
 -1.0835     1.92544535E+000
 -1.0825     1.92381297E+000
 -1.0815     1.92218316E+000
 -1.0805     1.92054343E+000
 -1.0795     1.91892896E+000
 -1.0785     1.91729201E+000
 -1.0775     1.91566905E+000
 -1.0765     1.91404132E+000
 -1.0755     1.91241937E+000
 -1.0745     1.91079982E+000
 -1.0735     1.90916423E+000
 -1.0725     1.90754955E+000
 -1.0715     1.90593786E+000
 -1.0705     1.90431251E+000
 -1.0695     1.90269310E+000
 -1.0685     1.90108457E+000
 -1.0675     1.89948571E+000
 -1.0665     1.89786286E+000
 -1.0655     1.89625560E+000
 -1.0645     1.89464930E+000
 -1.0635     1.89302588E+000
 -1.0625     1.89142300E+000
 -1.0615     1.88983047E+000
 -1.0605     1.88822385E+000
 -1.0595     1.88662609E+000
 -1.0585     1.88502566E+000
 -1.0575     1.88343136E+000
 -1.0565     1.88183349E+000
 -1.0555     1.88023755E+000
 -1.0545     1.87865060E+000
 -1.0535     1.87705428E+000
 -1.0525     1.87547325E+000
 -1.0515     1.87387949E+000
 -1.0505     1.87228075E+000
 -1.0495     1.87068963E+000
 -1.0485     1.86912299E+000
 -1.0475     1.86753349E+000
 -1.0465     1.86594294E+000
 -1.0455     1.86436721E+000
 -1.0445     1.86278480E+000
 -1.0435     1.86119105E+000
 -1.0425     1.85961294E+000
 -1.0415     1.85804973E+000
 -1.0405     1.85647048E+000
 -1.0395     1.85490220E+000
 -1.0385     1.85333370E+000
 -1.0375     1.85177092E+000
 -1.0365     1.85020652E+000
 -1.0355     1.84862793E+000
 -1.0345     1.84706741E+000
 -1.0335     1.84550732E+000
 -1.0325     1.84393645E+000
 -1.0315     1.84238000E+000
 -1.0305     1.84082065E+000
 -1.0295     1.83925990E+000
 -1.0285     1.83770613E+000
 -1.0275     1.83614523E+000
 -1.0265     1.83459000E+000
 -1.0255     1.83304274E+000
 -1.0245     1.83147744E+000
 -1.0235     1.82991757E+000
 -1.0225     1.82837199E+000
 -1.0215     1.82683946E+000
 -1.0205     1.82529232E+000
 -1.0195     1.82375491E+000
 -1.0185     1.82222330E+000
 -1.0175     1.82067835E+000
 -1.0165     1.81913473E+000
 -1.0155     1.81760044E+000
 -1.0145     1.81607363E+000
 -1.0135     1.81453381E+000
 -1.0125     1.81300650E+000
 -1.0115     1.81147076E+000
 -1.0105     1.80993905E+000
 -1.0095     1.80840951E+000
 -1.0085     1.80689512E+000
 -1.0075     1.80535651E+000
 -1.0065     1.80382700E+000
 -1.0055     1.80229534E+000
 -1.0045     1.80078029E+000
 -1.0035     1.79924863E+000
 -1.0025     1.79775306E+000
 -1.0015     1.79622036E+000
 -1.0005     1.79469622E+000
 -0.9995     1.79318968E+000
 -0.9985     1.79168376E+000
 -0.9975     1.79016627E+000
 -0.9965     1.78865692E+000
 -0.9955     1.78715680E+000
 -0.9945     1.78565151E+000
 -0.9935     1.78414763E+000
 -0.9925     1.78264128E+000
 -0.9915     1.78114217E+000
 -0.9905     1.77963124E+000
 -0.9895     1.77813951E+000
 -0.9885     1.77662947E+000
 -0.9875     1.77513891E+000
 -0.9865     1.77363455E+000
 -0.9855     1.77215249E+000
 -0.9845     1.77064477E+000
 -0.9835     1.76915459E+000
 -0.9825     1.76766275E+000
 -0.9815     1.76617986E+000
 -0.9805     1.76468142E+000
 -0.9795     1.76319852E+000
 -0.9785     1.76171383E+000
 -0.9775     1.76023263E+000
 -0.9765     1.75875570E+000
 -0.9755     1.75727719E+000
 -0.9745     1.75580677E+000
 -0.9735     1.75432145E+000
 -0.9725     1.75283879E+000
 -0.9715     1.75137712E+000
 -0.9705     1.74990832E+000
 -0.9695     1.74843173E+000
 -0.9685     1.74695540E+000
 -0.9675     1.74547605E+000
 -0.9665     1.74401054E+000
 -0.9655     1.74254884E+000
 -0.9645     1.74107768E+000
 -0.9635     1.73960553E+000
 -0.9625     1.73815204E+000
 -0.9615     1.73668862E+000
 -0.9605     1.73523314E+000
 -0.9595     1.73378079E+000
 -0.9585     1.73233759E+000
 -0.9575     1.73087755E+000
 -0.9565     1.72942161E+000
 -0.9555     1.72797541E+000
 -0.9545     1.72651726E+000
 -0.9535     1.72508267E+000
 -0.9525     1.72362436E+000
 -0.9515     1.72218019E+000
 -0.9505     1.72073610E+000
 -0.9495     1.71929512E+000
 -0.9485     1.71785013E+000
 -0.9475     1.71640993E+000
 -0.9465     1.71497160E+000
 -0.9455     1.71353619E+000
 -0.9445     1.71208586E+000
 -0.9435     1.71065181E+000
 -0.9425     1.70922357E+000
 -0.9415     1.70778619E+000
 -0.9405     1.70635889E+000
 -0.9395     1.70492958E+000
 -0.9385     1.70350714E+000
 -0.9375     1.70207936E+000
 -0.9365     1.70065679E+000
 -0.9355     1.69924330E+000
 -0.9345     1.69780791E+000
 -0.9335     1.69640009E+000
 -0.9325     1.69497473E+000
 -0.9315     1.69356384E+000
 -0.9305     1.69213737E+000
 -0.9295     1.69072704E+000
 -0.9285     1.68930656E+000
 -0.9275     1.68790341E+000
 -0.9265     1.68649003E+000
 -0.9255     1.68506765E+000
 -0.9245     1.68365810E+000
 -0.9235     1.68225865E+000
 -0.9225     1.68085413E+000
 -0.9215     1.67943975E+000
 -0.9205     1.67804443E+000
 -0.9195     1.67663782E+000
 -0.9185     1.67524396E+000
 -0.9175     1.67384585E+000
 -0.9165     1.67244927E+000
 -0.9155     1.67105498E+000
 -0.9145     1.66966650E+000
 -0.9135     1.66827646E+000
 -0.9125     1.66687842E+000
 -0.9115     1.66549979E+000
 -0.9105     1.66410557E+000
 -0.9095     1.66270821E+000
 -0.9085     1.66132643E+000
 -0.9075     1.65993953E+000
 -0.9065     1.65855359E+000
 -0.9055     1.65717437E+000
 -0.9045     1.65579172E+000
 -0.9035     1.65441420E+000
 -0.9025     1.65303034E+000
 -0.9015     1.65164872E+000
 -0.9005     1.65029202E+000
 -0.8995     1.64891280E+000
 -0.8985     1.64754505E+000
 -0.8975     1.64617274E+000
 -0.8965     1.64481319E+000
 -0.8955     1.64344665E+000
 -0.8945     1.64208361E+000
 -0.8935     1.64071651E+000
 -0.8925     1.63935413E+000
 -0.8915     1.63798017E+000
 -0.8905     1.63663326E+000
 -0.8895     1.63526430E+000
 -0.8885     1.63389687E+000
 -0.8875     1.63254687E+000
 -0.8865     1.63118210E+000
 -0.8855     1.62982981E+000
 -0.8845     1.62846796E+000
 -0.8835     1.62712187E+000
 -0.8825     1.62578084E+000
 -0.8815     1.62442680E+000
 -0.8805     1.62308655E+000
 -0.8795     1.62174620E+000
 -0.8785     1.62039565E+000
 -0.8775     1.61906656E+000
 -0.8765     1.61772055E+000
 -0.8755     1.61638926E+000
 -0.8745     1.61504091E+000
 -0.8735     1.61370536E+000
 -0.8725     1.61236292E+000
 -0.8715     1.61103631E+000
 -0.8705     1.60970138E+000
 -0.8695     1.60836733E+000
 -0.8685     1.60702977E+000
 -0.8675     1.60569475E+000
 -0.8665     1.60436224E+000
 -0.8655     1.60304383E+000
 -0.8645     1.60169786E+000
 -0.8635     1.60038506E+000
 -0.8625     1.59905812E+000
 -0.8615     1.59773219E+000
 -0.8605     1.59642724E+000
 -0.8595     1.59510958E+000
 -0.8585     1.59379587E+000
 -0.8575     1.59248293E+000
 -0.8565     1.59116907E+000
 -0.8555     1.58985039E+000
 -0.8545     1.58854403E+000
 -0.8535     1.58723497E+000
 -0.8525     1.58591938E+000
 -0.8515     1.58461604E+000
 -0.8505     1.58331343E+000
 -0.8495     1.58198999E+000
 -0.8485     1.58068882E+000
 -0.8475     1.57938616E+000
 -0.8465     1.57807579E+000
 -0.8455     1.57678803E+000
 -0.8445     1.57546967E+000
 -0.8435     1.57417969E+000
 -0.8425     1.57288405E+000
 -0.8415     1.57159236E+000
 -0.8405     1.57029489E+000
 -0.8395     1.56899625E+000
 -0.8385     1.56772131E+000
 -0.8375     1.56642575E+000
 -0.8365     1.56515365E+000
 -0.8355     1.56385682E+000
 -0.8345     1.56257349E+000
 -0.8335     1.56128840E+000
 -0.8325     1.55999947E+000
 -0.8315     1.55872420E+000
 -0.8305     1.55744444E+000
 -0.8295     1.55615064E+000
 -0.8285     1.55487638E+000
 -0.8275     1.55359472E+000
 -0.8265     1.55232090E+000
 -0.8255     1.55104948E+000
 -0.8245     1.54977701E+000
 -0.8235     1.54849895E+000
 -0.8225     1.54722995E+000
 -0.8215     1.54596402E+000
 -0.8205     1.54470095E+000
 -0.8195     1.54343931E+000
 -0.8185     1.54217143E+000
 -0.8175     1.54091192E+000
 -0.8165     1.53965113E+000
 -0.8155     1.53839507E+000
 -0.8145     1.53711445E+000
 -0.8135     1.53587583E+000
 -0.8125     1.53461247E+000
 -0.8115     1.53336561E+000
 -0.8105     1.53211075E+000
 -0.8095     1.53084192E+000
 -0.8085     1.52958278E+000
 -0.8075     1.52832927E+000
 -0.8065     1.52709014E+000
 -0.8055     1.52581915E+000
 -0.8045     1.52458850E+000
 -0.8035     1.52333737E+000
 -0.8025     1.52209240E+000
 -0.8015     1.52085739E+000
 -0.8005     1.51961444E+000
 -0.7995     1.51837062E+000
 -0.7985     1.51713272E+000
 -0.7975     1.51589141E+000
 -0.7965     1.51464953E+000
 -0.7955     1.51342786E+000
 -0.7945     1.51218730E+000
 -0.7935     1.51094788E+000
 -0.7925     1.50971638E+000
 -0.7915     1.50848490E+000
 -0.7905     1.50724789E+000
 -0.7895     1.50602366E+000
 -0.7885     1.50479057E+000
 -0.7875     1.50355793E+000
 -0.7865     1.50234222E+000
 -0.7855     1.50111733E+000
 -0.7845     1.49988784E+000
 -0.7835     1.49865808E+000
 -0.7825     1.49745079E+000
 -0.7815     1.49622444E+000
 -0.7805     1.49501492E+000
 -0.7795     1.49380321E+000
 -0.7785     1.49259802E+000
 -0.7775     1.49137001E+000
 -0.7765     1.49016326E+000
 -0.7755     1.48894863E+000
 -0.7745     1.48772791E+000
 -0.7735     1.48651399E+000
 -0.7725     1.48531306E+000
 -0.7715     1.48410056E+000
 -0.7705     1.48289577E+000
 -0.7695     1.48169388E+000
 -0.7685     1.48048750E+000
 -0.7675     1.47927191E+000
 -0.7665     1.47806911E+000
 -0.7655     1.47687861E+000
 -0.7645     1.47568261E+000
 -0.7635     1.47447484E+000
 -0.7625     1.47326993E+000
 -0.7615     1.47208436E+000
 -0.7605     1.47088615E+000
 -0.7595     1.46968972E+000
 -0.7585     1.46849384E+000
 -0.7575     1.46731170E+000
 -0.7565     1.46612026E+000
 -0.7555     1.46493234E+000
 -0.7545     1.46373953E+000
 -0.7535     1.46255970E+000
 -0.7525     1.46137133E+000
 -0.7515     1.46019217E+000
 -0.7505     1.45899723E+000
 -0.7495     1.45781374E+000
 -0.7485     1.45663333E+000
 -0.7475     1.45544066E+000
 -0.7465     1.45425588E+000
 -0.7455     1.45309206E+000
 -0.7445     1.45191429E+000
 -0.7435     1.45072037E+000
 -0.7425     1.44955429E+000
 -0.7415     1.44838434E+000
 -0.7405     1.44720159E+000
 -0.7395     1.44603584E+000
 -0.7385     1.44486229E+000
 -0.7375     1.44369971E+000
 -0.7365     1.44252805E+000
 -0.7355     1.44136361E+000
 -0.7345     1.44020150E+000
 -0.7335     1.43903540E+000
 -0.7325     1.43786069E+000
 -0.7315     1.43670314E+000
 -0.7305     1.43553752E+000
 -0.7295     1.43436320E+000
 -0.7285     1.43320743E+000
 -0.7275     1.43203924E+000
 -0.7265     1.43088656E+000
 -0.7255     1.42971261E+000
 -0.7245     1.42855662E+000
 -0.7235     1.42740015E+000
 -0.7225     1.42624683E+000
 -0.7215     1.42509730E+000
 -0.7205     1.42394152E+000
 -0.7195     1.42279292E+000
 -0.7185     1.42164150E+000
 -0.7175     1.42048315E+000
 -0.7165     1.41933949E+000
 -0.7155     1.41818841E+000
 -0.7145     1.41705045E+000
 -0.7135     1.41589758E+000
 -0.7125     1.41475808E+000
 -0.7115     1.41359981E+000
 -0.7105     1.41245167E+000
 -0.7095     1.41132000E+000
 -0.7085     1.41016655E+000
 -0.7075     1.40902140E+000
 -0.7065     1.40788825E+000
 -0.7055     1.40672420E+000
 -0.7045     1.40558970E+000
 -0.7035     1.40445540E+000
 -0.7025     1.40332827E+000
 -0.7015     1.40219466E+000
 -0.7005     1.40105611E+000
 -0.6995     1.39992006E+000
 -0.6985     1.39879087E+000
 -0.6975     1.39766149E+000
 -0.6965     1.39652082E+000
 -0.6955     1.39539234E+000
 -0.6945     1.39425881E+000
 -0.6935     1.39312847E+000
 -0.6925     1.39199865E+000
 -0.6915     1.39086872E+000
 -0.6905     1.38974014E+000
 -0.6895     1.38861483E+000
 -0.6885     1.38747733E+000
 -0.6875     1.38634967E+000
 -0.6865     1.38522024E+000
 -0.6855     1.38408871E+000
 -0.6845     1.38297113E+000
 -0.6835     1.38184834E+000
 -0.6825     1.38072730E+000
 -0.6815     1.37959816E+000
 -0.6805     1.37848089E+000
 -0.6795     1.37736617E+000
 -0.6785     1.37625321E+000
 -0.6775     1.37513242E+000
 -0.6765     1.37401885E+000
 -0.6755     1.37290185E+000
 -0.6745     1.37177915E+000
 -0.6735     1.37067711E+000
 -0.6725     1.36954736E+000
 -0.6715     1.36843758E+000
 -0.6705     1.36731954E+000
 -0.6695     1.36620170E+000
 -0.6685     1.36508164E+000
 -0.6675     1.36396218E+000
 -0.6665     1.36285875E+000
 -0.6655     1.36174018E+000
 -0.6645     1.36062189E+000
 -0.6635     1.35952759E+000
 -0.6625     1.35841471E+000
 -0.6615     1.35730647E+000
 -0.6605     1.35619525E+000
 -0.6595     1.35508629E+000
 -0.6585     1.35398115E+000
 -0.6575     1.35287290E+000
 -0.6565     1.35177464E+000
 -0.6555     1.35065577E+000
 -0.6545     1.34955767E+000
 -0.6535     1.34845090E+000
 -0.6525     1.34733523E+000
 -0.6515     1.34623818E+000
 -0.6505     1.34513889E+000
 -0.6495     1.34402603E+000
 -0.6485     1.34291135E+000
 -0.6475     1.34180871E+000
 -0.6465     1.34070553E+000
 -0.6455     1.33960503E+000
 -0.6445     1.33849846E+000
 -0.6435     1.33740456E+000
 -0.6425     1.33629508E+000
 -0.6415     1.33519816E+000
 -0.6405     1.33409580E+000
 -0.6395     1.33299652E+000
 -0.6385     1.33189885E+000
 -0.6375     1.33080789E+000
 -0.6365     1.32971232E+000
 -0.6355     1.32860789E+000
 -0.6345     1.32751145E+000
 -0.6335     1.32639904E+000
 -0.6325     1.32530729E+000
 -0.6315     1.32420327E+000
 -0.6305     1.32310024E+000
 -0.6295     1.32199659E+000
 -0.6285     1.32089420E+000
 -0.6275     1.31979890E+000
 -0.6265     1.31869635E+000
 -0.6255     1.31759573E+000
 -0.6245     1.31650688E+000
 -0.6235     1.31540561E+000
 -0.6225     1.31429960E+000
 -0.6215     1.31321775E+000
 -0.6205     1.31211374E+000
 -0.6195     1.31102344E+000
 -0.6185     1.30993699E+000
 -0.6175     1.30883654E+000
 -0.6165     1.30774085E+000
 -0.6155     1.30664457E+000
 -0.6145     1.30555093E+000
 -0.6135     1.30445267E+000
 -0.6125     1.30335970E+000
 -0.6115     1.30226404E+000
 -0.6105     1.30115300E+000
 -0.6095     1.30006630E+000
 -0.6085     1.29895860E+000
 -0.6075     1.29786322E+000
 -0.6065     1.29675968E+000
 -0.6055     1.29566020E+000
 -0.6045     1.29457461E+000
 -0.6035     1.29346989E+000
 -0.6025     1.29236686E+000
 -0.6015     1.29127302E+000
 -0.6005     1.29017320E+000
 -0.5995     1.28908081E+000
 -0.5985     1.28798166E+000
 -0.5975     1.28688681E+000
 -0.5965     1.28579425E+000
 -0.5955     1.28468320E+000
 -0.5945     1.28358995E+000
 -0.5935     1.28249484E+000
 -0.5925     1.28138580E+000
 -0.5915     1.28028375E+000
 -0.5905     1.27918148E+000
 -0.5895     1.27808579E+000
 -0.5885     1.27698230E+000
 -0.5875     1.27586903E+000
 -0.5865     1.27476877E+000
 -0.5855     1.27366393E+000
 -0.5845     1.27256423E+000
 -0.5835     1.27145801E+000
 -0.5825     1.27035331E+000
 -0.5815     1.26926328E+000
 -0.5805     1.26815160E+000
 -0.5795     1.26704901E+000
 -0.5785     1.26595483E+000
 -0.5775     1.26484835E+000
 -0.5765     1.26373948E+000
 -0.5755     1.26264512E+000
 -0.5745     1.26152735E+000
 -0.5735     1.26043017E+000
 -0.5725     1.25931598E+000
 -0.5715     1.25820483E+000
 -0.5705     1.25709605E+000
 -0.5695     1.25597686E+000
 -0.5685     1.25486998E+000
 -0.5675     1.25376260E+000
 -0.5665     1.25264823E+000
 -0.5655     1.25153717E+000
 -0.5645     1.25042121E+000
 -0.5635     1.24930900E+000
 -0.5625     1.24820075E+000
 -0.5615     1.24708595E+000
 -0.5605     1.24596385E+000
 -0.5595     1.24485710E+000
 -0.5585     1.24373695E+000
 -0.5575     1.24263084E+000
 -0.5565     1.24150838E+000
 -0.5555     1.24039238E+000
 -0.5545     1.23927669E+000
 -0.5535     1.23815357E+000
 -0.5525     1.23702428E+000
 -0.5515     1.23591358E+000
 -0.5505     1.23478997E+000
 -0.5495     1.23365595E+000
 -0.5485     1.23253405E+000
 -0.5475     1.23140916E+000
 -0.5465     1.23028120E+000
 -0.5455     1.22914632E+000
 -0.5445     1.22801952E+000
 -0.5435     1.22689265E+000
 -0.5425     1.22576683E+000
 -0.5415     1.22463874E+000
 -0.5405     1.22350249E+000
 -0.5395     1.22238008E+000
 -0.5385     1.22123674E+000
 -0.5375     1.22010994E+000
 -0.5365     1.21898654E+000
 -0.5355     1.21785375E+000
 -0.5345     1.21672111E+000
 -0.5335     1.21558267E+000
 -0.5325     1.21445198E+000
 -0.5315     1.21329721E+000
 -0.5305     1.21216814E+000
 -0.5295     1.21101777E+000
 -0.5285     1.20988686E+000
 -0.5275     1.20873451E+000
 -0.5265     1.20759503E+000
 -0.5255     1.20645798E+000
 -0.5245     1.20530403E+000
 -0.5235     1.20416168E+000
 -0.5225     1.20301178E+000
 -0.5215     1.20186916E+000
 -0.5205     1.20072228E+000
 -0.5195     1.19957582E+000
 -0.5185     1.19841179E+000
 -0.5175     1.19728051E+000
 -0.5165     1.19612694E+000
 -0.5155     1.19497401E+000
 -0.5145     1.19382089E+000
 -0.5135     1.19267069E+000
 -0.5125     1.19150873E+000
 -0.5115     1.19034624E+000
 -0.5105     1.18919401E+000
 -0.5095     1.18803709E+000
 -0.5085     1.18686361E+000
 -0.5075     1.18570534E+000
 -0.5065     1.18454044E+000
 -0.5055     1.18338380E+000
 -0.5045     1.18222093E+000
 -0.5035     1.18105860E+000
 -0.5025     1.17989047E+000
 -0.5015     1.17871811E+000
 -0.5005     1.17755259E+000
 -0.4995     1.17638328E+000
 -0.4985     1.17521107E+000
 -0.4975     1.17403573E+000
 -0.4965     1.17286004E+000
 -0.4955     1.17169121E+000
 -0.4945     1.17051653E+000
 -0.4935     1.16933163E+000
 -0.4925     1.16815911E+000
 -0.4915     1.16697725E+000
 -0.4905     1.16578693E+000
 -0.4895     1.16461124E+000
 -0.4885     1.16342329E+000
 -0.4875     1.16222965E+000
 -0.4865     1.16104637E+000
 -0.4855     1.15986973E+000
 -0.4845     1.15866796E+000
 -0.4835     1.15747625E+000
 -0.4825     1.15629380E+000
 -0.4815     1.15509630E+000
 -0.4805     1.15390551E+000
 -0.4795     1.15271779E+000
 -0.4785     1.15152376E+000
 -0.4775     1.15033623E+000
 -0.4765     1.14913393E+000
 -0.4755     1.14794057E+000
 -0.4745     1.14674082E+000
 -0.4735     1.14553663E+000
 -0.4725     1.14433662E+000
 -0.4715     1.14312803E+000
 -0.4705     1.14192390E+000
 -0.4695     1.14072072E+000
 -0.4685     1.13950810E+000
 -0.4675     1.13829598E+000
 -0.4665     1.13708048E+000
 -0.4655     1.13587573E+000
 -0.4645     1.13465800E+000
 -0.4635     1.13345171E+000
 -0.4625     1.13222899E+000
 -0.4615     1.13102249E+000
 -0.4605     1.12980117E+000
 -0.4595     1.12858759E+000
 -0.4585     1.12737111E+000
 -0.4575     1.12614828E+000
 -0.4565     1.12493440E+000
 -0.4555     1.12370489E+000
 -0.4545     1.12248538E+000
 -0.4535     1.12125929E+000
 -0.4525     1.12002637E+000
 -0.4515     1.11879377E+000
 -0.4505     1.11755877E+000
 -0.4495     1.11632542E+000
 -0.4485     1.11509232E+000
 -0.4475     1.11386334E+000
 -0.4465     1.11261863E+000
 -0.4455     1.11137231E+000
 -0.4445     1.11014208E+000
 -0.4435     1.10890223E+000
 -0.4425     1.10765425E+000
 -0.4415     1.10641912E+000
 -0.4405     1.10517622E+000
 -0.4395     1.10393518E+000
 -0.4385     1.10269420E+000
 -0.4375     1.10144083E+000
 -0.4365     1.10018731E+000
 -0.4355     1.09894743E+000
 -0.4345     1.09769220E+000
 -0.4335     1.09644063E+000
 -0.4325     1.09518057E+000
 -0.4315     1.09393223E+000
 -0.4305     1.09266867E+000
 -0.4295     1.09140803E+000
 -0.4285     1.09014246E+000
 -0.4275     1.08887306E+000
 -0.4265     1.08761154E+000
 -0.4255     1.08633886E+000
 -0.4245     1.08507246E+000
 -0.4235     1.08379618E+000
 -0.4225     1.08252782E+000
 -0.4215     1.08125848E+000
 -0.4205     1.07998624E+000
 -0.4195     1.07871718E+000
 -0.4185     1.07744089E+000
 -0.4175     1.07615705E+000
 -0.4165     1.07487873E+000
 -0.4155     1.07360657E+000
 -0.4145     1.07231706E+000
 -0.4135     1.07103745E+000
 -0.4125     1.06975623E+000
 -0.4115     1.06845994E+000
 -0.4105     1.06716153E+000
 -0.4095     1.06588196E+000
 -0.4085     1.06458081E+000
 -0.4075     1.06328626E+000
 -0.4065     1.06199201E+000
 -0.4055     1.06068437E+000
 -0.4045     1.05939527E+000
 -0.4035     1.05809392E+000
 -0.4025     1.05678241E+000
 -0.4015     1.05547526E+000
 -0.4005     1.05418613E+000
 -0.3995     1.05286828E+000
 -0.3985     1.05156297E+000
 -0.3975     1.05025537E+000
 -0.3965     1.04893780E+000
 -0.3955     1.04762858E+000
 -0.3945     1.04631019E+000
 -0.3935     1.04499063E+000
 -0.3925     1.04366445E+000
 -0.3915     1.04234264E+000
 -0.3905     1.04101585E+000
 -0.3895     1.03968957E+000
 -0.3885     1.03835632E+000
 -0.3875     1.03703433E+000
 -0.3865     1.03569442E+000
 -0.3855     1.03436544E+000
 -0.3845     1.03302675E+000
 -0.3835     1.03168635E+000
 -0.3825     1.03035436E+000
 -0.3815     1.02901714E+000
 -0.3805     1.02768359E+000
 -0.3795     1.02633733E+000
 -0.3785     1.02499247E+000
 -0.3775     1.02364358E+000
 -0.3765     1.02229936E+000
 -0.3755     1.02094980E+000
 -0.3745     1.01959840E+000
 -0.3735     1.01824679E+000
 -0.3725     1.01688423E+000
 -0.3715     1.01552864E+000
 -0.3705     1.01416123E+000
 -0.3695     1.01281264E+000
 -0.3685     1.01143790E+000
 -0.3675     1.01007186E+000
 -0.3665     1.00870553E+000
 -0.3655     1.00733241E+000
 -0.3645     1.00596232E+000
 -0.3635     1.00458509E+000
 -0.3625     1.00321149E+000
 -0.3615     1.00183549E+000
 -0.3605     1.00045975E+000
 -0.3595     9.99080004E-001
 -0.3585     9.97706748E-001
 -0.3575     9.96315021E-001
 -0.3565     9.94938725E-001
 -0.3555     9.93554182E-001
 -0.3545     9.92160695E-001
 -0.3535     9.90765916E-001
 -0.3525     9.89377149E-001
 -0.3515     9.87982182E-001
 -0.3505     9.86580559E-001
 -0.3495     9.85183140E-001
 -0.3485     9.83778281E-001
 -0.3475     9.82379430E-001
 -0.3465     9.80959900E-001
 -0.3455     9.79554590E-001
 -0.3445     9.78137590E-001
 -0.3435     9.76729415E-001
 -0.3425     9.75307751E-001
 -0.3415     9.73893856E-001
 -0.3405     9.72480515E-001
 -0.3395     9.71065710E-001
 -0.3385     9.69641603E-001
 -0.3375     9.68223851E-001
 -0.3365     9.66792090E-001
 -0.3355     9.65366175E-001
 -0.3345     9.63937544E-001
 -0.3335     9.62507693E-001
 -0.3325     9.61070102E-001
 -0.3315     9.59633962E-001
 -0.3305     9.58193749E-001
 -0.3295     9.56754618E-001
 -0.3285     9.55306057E-001
 -0.3275     9.53853395E-001
 -0.3265     9.52401242E-001
 -0.3255     9.50951197E-001
 -0.3245     9.49497013E-001
 -0.3235     9.48042237E-001
 -0.3225     9.46584718E-001
 -0.3215     9.45122937E-001
 -0.3205     9.43661229E-001
 -0.3195     9.42197683E-001
 -0.3185     9.40733102E-001
 -0.3175     9.39268179E-001
 -0.3165     9.37794116E-001
 -0.3155     9.36325494E-001
 -0.3145     9.34858194E-001
 -0.3135     9.33372720E-001
 -0.3125     9.31895413E-001
 -0.3115     9.30412611E-001
 -0.3105     9.28927460E-001
 -0.3095     9.27435601E-001
 -0.3085     9.25951071E-001
 -0.3075     9.24449439E-001
 -0.3065     9.22953364E-001
 -0.3055     9.21456465E-001
 -0.3045     9.19952984E-001
 -0.3035     9.18446922E-001
 -0.3025     9.16944125E-001
 -0.3015     9.15428558E-001
 -0.3005     9.13928250E-001
 -0.2995     9.12415489E-001
 -0.2985     9.10903626E-001
 -0.2975     9.09395526E-001
 -0.2965     9.07874728E-001
 -0.2955     9.06350776E-001
 -0.2945     9.04832782E-001
 -0.2935     9.03298223E-001
 -0.2925     9.01763606E-001
 -0.2915     9.00236561E-001
 -0.2905     8.98702311E-001
 -0.2895     8.97163602E-001
 -0.2885     8.95619814E-001
 -0.2875     8.94067496E-001
 -0.2865     8.92524759E-001
 -0.2855     8.90967433E-001
 -0.2845     8.89415593E-001
 -0.2835     8.87870091E-001
 -0.2825     8.86308387E-001
 -0.2815     8.84747380E-001
 -0.2805     8.83180674E-001
 -0.2795     8.81621579E-001
 -0.2785     8.80058890E-001
 -0.2775     8.78483598E-001
 -0.2765     8.76912652E-001
 -0.2755     8.75334482E-001
 -0.2745     8.73753753E-001
 -0.2735     8.72169898E-001
 -0.2725     8.70579454E-001
 -0.2715     8.69000225E-001
 -0.2705     8.67400156E-001
 -0.2695     8.65807369E-001
 -0.2685     8.64205891E-001
 -0.2675     8.62606133E-001
 -0.2665     8.61005550E-001
 -0.2655     8.59393854E-001
 -0.2645     8.57773763E-001
 -0.2635     8.56162295E-001
 -0.2625     8.54539726E-001
 -0.2615     8.52929139E-001
 -0.2605     8.51302119E-001
 -0.2595     8.49679785E-001
 -0.2585     8.48052264E-001
 -0.2575     8.46423977E-001
 -0.2565     8.44784496E-001
 -0.2555     8.43157051E-001
 -0.2545     8.41509674E-001
 -0.2535     8.39867082E-001
 -0.2525     8.38215332E-001
 -0.2515     8.36572946E-001
 -0.2505     8.34914628E-001
 -0.2495     8.33255688E-001
 -0.2485     8.31592139E-001
 -0.2475     8.29920037E-001
 -0.2465     8.28256444E-001
 -0.2455     8.26583321E-001
 -0.2445     8.24906379E-001
 -0.2435     8.23221445E-001
 -0.2425     8.21536077E-001
 -0.2415     8.19856127E-001
 -0.2405     8.18161945E-001
 -0.2395     8.16475798E-001
 -0.2385     8.14783483E-001
 -0.2375     8.13077448E-001
 -0.2365     8.11385602E-001
 -0.2355     8.09672869E-001
 -0.2345     8.07974212E-001
 -0.2335     8.06254864E-001
 -0.2325     8.04538277E-001
 -0.2315     8.02814959E-001
 -0.2305     8.01086281E-001
 -0.2295     7.99355550E-001
 -0.2285     7.97621374E-001
 -0.2275     7.95889406E-001
 -0.2265     7.94139527E-001
 -0.2255     7.92399963E-001
 -0.2245     7.90644500E-001
 -0.2235     7.88896368E-001
 -0.2225     7.87127193E-001
 -0.2215     7.85373033E-001
 -0.2205     7.83604206E-001
 -0.2195     7.81834260E-001
 -0.2185     7.80066279E-001
 -0.2175     7.78289610E-001
 -0.2165     7.76509888E-001
 -0.2155     7.74718240E-001
 -0.2145     7.72931387E-001
 -0.2135     7.71138926E-001
 -0.2125     7.69342149E-001
 -0.2115     7.67536602E-001
 -0.2105     7.65728476E-001
 -0.2095     7.63918918E-001
 -0.2085     7.62101281E-001
 -0.2075     7.60274986E-001
 -0.2065     7.58451936E-001
 -0.2055     7.56612736E-001
 -0.2045     7.54769583E-001
 -0.2035     7.52931887E-001
 -0.2025     7.51088285E-001
 -0.2015     7.49239355E-001
 -0.2005     7.47384284E-001
 -0.1995     7.45524204E-001
 -0.1985     7.43666944E-001
 -0.1975     7.41796818E-001
 -0.1965     7.39927051E-001
 -0.1955     7.38043711E-001
 -0.1945     7.36165146E-001
 -0.1935     7.34281855E-001
 -0.1925     7.32393296E-001
 -0.1915     7.30494121E-001
 -0.1905     7.28601661E-001
 -0.1895     7.26684529E-001
 -0.1885     7.24770478E-001
 -0.1875     7.22860517E-001
 -0.1865     7.20933744E-001
 -0.1855     7.19006978E-001
 -0.1845     7.17070123E-001
 -0.1835     7.15128504E-001
 -0.1825     7.13191202E-001
 -0.1815     7.11241656E-001
 -0.1805     7.09284872E-001
 -0.1795     7.07325425E-001
 -0.1785     7.05366101E-001
 -0.1775     7.03402789E-001
 -0.1765     7.01426805E-001
 -0.1755     6.99438845E-001
 -0.1745     6.97459415E-001
 -0.1735     6.95475677E-001
 -0.1725     6.93474123E-001
 -0.1715     6.91474328E-001
 -0.1705     6.89462996E-001
 -0.1695     6.87442402E-001
 -0.1685     6.85419390E-001
 -0.1675     6.83385286E-001
 -0.1665     6.81350209E-001
 -0.1655     6.79312510E-001
 -0.1645     6.77259330E-001
 -0.1635     6.75202322E-001
 -0.1625     6.73132145E-001
 -0.1615     6.71075438E-001
 -0.1605     6.68997781E-001
 -0.1595     6.66915837E-001
 -0.1585     6.64831749E-001
 -0.1575     6.62737613E-001
 -0.1565     6.60644482E-001
 -0.1555     6.58536029E-001
 -0.1545     6.56431433E-001
 -0.1535     6.54310552E-001
 -0.1525     6.52182324E-001
 -0.1515     6.50051539E-001
 -0.1505     6.47906169E-001
 -0.1495     6.45759317E-001
 -0.1485     6.43599602E-001
 -0.1475     6.41438961E-001
 -0.1465     6.39261011E-001
 -0.1455     6.37083998E-001
 -0.1445     6.34894355E-001
 -0.1435     6.32695578E-001
 -0.1425     6.30491275E-001
 -0.1415     6.28277522E-001
 -0.1405     6.26059311E-001
 -0.1395     6.23825797E-001
 -0.1385     6.21591018E-001
 -0.1375     6.19357950E-001
 -0.1365     6.17107533E-001
 -0.1355     6.14853435E-001
 -0.1345     6.12583390E-001
 -0.1335     6.10307743E-001
 -0.1325     6.08025113E-001
 -0.1315     6.05732134E-001
 -0.1305     6.03428687E-001
 -0.1295     6.01119691E-001
 -0.1285     5.98802304E-001
 -0.1275     5.96468823E-001
 -0.1265     5.94130944E-001
 -0.1255     5.91777974E-001
 -0.1245     5.89420071E-001
 -0.1235     5.87049823E-001
 -0.1225     5.84665270E-001
 -0.1215     5.82276208E-001
 -0.1205     5.79879999E-001
 -0.1195     5.77467850E-001
 -0.1185     5.75051530E-001
 -0.1175     5.72613643E-001
 -0.1165     5.70175701E-001
 -0.1155     5.67729630E-001
 -0.1145     5.65268297E-001
 -0.1135     5.62802047E-001
 -0.1125     5.60317869E-001
 -0.1115     5.57827138E-001
 -0.1105     5.55327965E-001
 -0.1095     5.52805706E-001
 -0.1085     5.50278309E-001
 -0.1075     5.47745590E-001
 -0.1065     5.45187004E-001
 -0.1055     5.42629173E-001
 -0.1045     5.40048248E-001
 -0.1035     5.37459678E-001
 -0.1025     5.34852541E-001
 -0.1015     5.32236144E-001
 -0.1005     5.29602719E-001
 -0.0995     5.26956971E-001
 -0.0985     5.24306279E-001
 -0.0975     5.21634572E-001
 -0.0965     5.18945839E-001
 -0.0955     5.16248836E-001
 -0.0945     5.13545486E-001
 -0.0935     5.10821612E-001
 -0.0925     5.08080039E-001
 -0.0915     5.05328934E-001
 -0.0905     5.02561952E-001
 -0.0895     4.99775170E-001
 -0.0885     4.96976475E-001
 -0.0875     4.94153898E-001
 -0.0865     4.91317983E-001
 -0.0855     4.88465387E-001
 -0.0845     4.85596058E-001
 -0.0835     4.82709718E-001
 -0.0825     4.79800860E-001
 -0.0815     4.76873299E-001
 -0.0805     4.73928440E-001
 -0.0795     4.70962588E-001
 -0.0785     4.67979161E-001
 -0.0775     4.64974335E-001
 -0.0765     4.61954392E-001
 -0.0755     4.58909577E-001
 -0.0745     4.55852390E-001
 -0.0735     4.52779113E-001
 -0.0725     4.49685261E-001
 -0.0715     4.46559819E-001
 -0.0705     4.43424792E-001
 -0.0695     4.40259311E-001
 -0.0685     4.37070738E-001
 -0.0675     4.33863862E-001
 -0.0665     4.30624394E-001
 -0.0655     4.27357440E-001
 -0.0645     4.24069295E-001
 -0.0635     4.20751105E-001
 -0.0625     4.17406954E-001
 -0.0615     4.14037884E-001
 -0.0605     4.10640966E-001
 -0.0595     4.07212850E-001
 -0.0585     4.03750751E-001
 -0.0575     4.00259597E-001
 -0.0565     3.96748421E-001
 -0.0555     3.93192678E-001
 -0.0545     3.89615993E-001
 -0.0535     3.86000678E-001
 -0.0525     3.82348900E-001
 -0.0515     3.78664304E-001
 -0.0505     3.74942307E-001
 -0.0495     3.71176593E-001
 -0.0485     3.67378648E-001
 -0.0475     3.63527611E-001
 -0.0465     3.59639852E-001
 -0.0455     3.55707069E-001
 -0.0445     3.51731002E-001
 -0.0435     3.47714508E-001
 -0.0425     3.43647122E-001
 -0.0415     3.39530171E-001
 -0.0405     3.35357651E-001
 -0.0395     3.31136863E-001
 -0.0385     3.26855944E-001
 -0.0375     3.22519718E-001
 -0.0365     3.18124391E-001
 -0.0355     3.13668948E-001
 -0.0345     3.09144744E-001
 -0.0335     3.04557390E-001
 -0.0325     2.99891431E-001
 -0.0315     2.95159572E-001
 -0.0305     2.90331770E-001
 -0.0295     2.85441721E-001
 -0.0285     2.80451998E-001
 -0.0275     2.75377795E-001
 -0.0265     2.70208217E-001
 -0.0255     2.64937900E-001
 -0.0245     2.59559890E-001
 -0.0235     2.54056688E-001
 -0.0225     2.48437056E-001
 -0.0215     2.42680959E-001
 -0.0205     2.36767615E-001
 -0.0195     2.30731783E-001
 -0.0185     2.24503791E-001
 -0.0175     2.18099506E-001
 -0.0165     2.11500746E-001
 -0.0155     2.04711674E-001
 -0.0145     1.97642351E-001
 -0.0135     1.90390859E-001
 -0.0125     1.82816809E-001
 -0.0115     1.74914555E-001
 -0.0105     1.66585165E-001
 -0.0095     1.57873612E-001
 -0.0085     1.48727475E-001
 -0.0075     1.39022760E-001
 -0.0065     1.28422490E-001
 -0.0055     1.17019202E-001
 -0.0045     1.04392200E-001
 -0.0035     9.01084247E-002
 -0.0025     7.31888083E-002
 -0.0015     5.13731630E-002
 -0.0005     0.00000000E+000
  0.0005     2.62596360E-004
  0.0015     5.15159421E-002
  0.0025     7.32456382E-002
  0.0035     9.01920761E-002
  0.0045     1.04506872E-001
  0.0055     1.17221880E-001
  0.0065     1.28513752E-001
  0.0075     1.38987196E-001
  0.0085     1.48745681E-001
  0.0095     1.57908955E-001
  0.0105     1.66573469E-001
  0.0115     1.74846228E-001
  0.0125     1.82813639E-001
  0.0135     1.90442511E-001
  0.0145     1.97756646E-001
  0.0155     2.04809274E-001
  0.0165     2.11587329E-001
  0.0175     2.18189115E-001
  0.0185     2.24597931E-001
  0.0195     2.30835381E-001
  0.0205     2.36896033E-001
  0.0215     2.42774594E-001
  0.0225     2.48545725E-001
  0.0235     2.54166843E-001
  0.0245     2.59659652E-001
  0.0255     2.65040596E-001
  0.0265     2.70306770E-001
  0.0275     2.75480599E-001
  0.0285     2.80568006E-001
  0.0295     2.85552220E-001
  0.0305     2.90439108E-001
  0.0315     2.95256050E-001
  0.0325     2.99992050E-001
  0.0335     3.04651380E-001
  0.0345     3.09235876E-001
  0.0355     3.13755185E-001
  0.0365     3.18209935E-001
  0.0375     3.22606095E-001
  0.0385     3.26938107E-001
  0.0395     3.31229035E-001
  0.0405     3.35449000E-001
  0.0415     3.39613833E-001
  0.0425     3.43725824E-001
  0.0435     3.47790506E-001
  0.0445     3.51799887E-001
  0.0455     3.55777760E-001
  0.0465     3.59703794E-001
  0.0475     3.63586315E-001
  0.0485     3.67419193E-001
  0.0495     3.71215687E-001
  0.0505     3.74983967E-001
  0.0515     3.78717891E-001
  0.0525     3.82403546E-001
  0.0535     3.86055978E-001
  0.0545     3.89684096E-001
  0.0555     3.93267803E-001
  0.0565     3.96822797E-001
  0.0575     4.00356700E-001
  0.0585     4.03850427E-001
  0.0595     4.07312085E-001
  0.0605     4.10743195E-001
  0.0615     4.14142412E-001
  0.0625     4.17516263E-001
  0.0635     4.20857564E-001
  0.0645     4.24175380E-001
  0.0655     4.27464908E-001
  0.0665     4.30733661E-001
  0.0675     4.33970326E-001
  0.0685     4.37190428E-001
  0.0695     4.40380247E-001
  0.0705     4.43545304E-001
  0.0715     4.46688631E-001
  0.0725     4.49809633E-001
  0.0735     4.52907952E-001
  0.0745     4.55994223E-001
  0.0755     4.59053469E-001
  0.0765     4.62095123E-001
  0.0775     4.65117741E-001
  0.0785     4.68112240E-001
  0.0795     4.71100425E-001
  0.0805     4.74063250E-001
  0.0815     4.77003403E-001
  0.0825     4.79932962E-001
  0.0835     4.82834557E-001
  0.0845     4.85728772E-001
  0.0855     4.88599710E-001
  0.0865     4.91445873E-001
  0.0875     4.94288726E-001
  0.0885     4.97103453E-001
  0.0895     4.99910151E-001
  0.0905     5.02693250E-001
  0.0915     5.05462594E-001
  0.0925     5.08218243E-001
  0.0935     5.10954041E-001
  0.0945     5.13682202E-001
  0.0955     5.16396516E-001
  0.0965     5.19094519E-001
  0.0975     5.21778834E-001
  0.0985     5.24450517E-001
  0.0995     5.27109207E-001
  0.1005     5.29746783E-001
  0.1015     5.32381871E-001
  0.1025     5.35002743E-001
  0.1035     5.37600292E-001
  0.1045     5.40194775E-001
  0.1055     5.42770715E-001
  0.1065     5.45337976E-001
  0.1075     5.47886413E-001
  0.1085     5.50429922E-001
  0.1095     5.52952922E-001
  0.1105     5.55472893E-001
  0.1115     5.57977724E-001
  0.1125     5.60464828E-001
  0.1135     5.62951852E-001
  0.1145     5.65416902E-001
  0.1155     5.67872649E-001
  0.1165     5.70324472E-001
  0.1175     5.72758567E-001
  0.1185     5.75183771E-001
  0.1195     5.77603692E-001
  0.1205     5.80006400E-001
  0.1215     5.82409989E-001
  0.1225     5.84789529E-001
  0.1235     5.87169630E-001
  0.1245     5.89531895E-001
  0.1255     5.91891692E-001
  0.1265     5.94236235E-001
  0.1275     5.96580605E-001
  0.1285     5.98907507E-001
  0.1295     6.01227112E-001
  0.1305     6.03539478E-001
  0.1315     6.05842979E-001
  0.1325     6.08131863E-001
  0.1335     6.10416749E-001
  0.1345     6.12685803E-001
  0.1355     6.14945893E-001
  0.1365     6.17209208E-001
  0.1375     6.19452010E-001
  0.1385     6.21692091E-001
  0.1395     6.23927793E-001
  0.1405     6.26155166E-001
  0.1415     6.28370931E-001
  0.1425     6.30586136E-001
  0.1435     6.32790897E-001
  0.1445     6.34990290E-001
  0.1455     6.37178335E-001
  0.1465     6.39361878E-001
  0.1475     6.41532457E-001
  0.1485     6.43699225E-001
  0.1495     6.45863881E-001
  0.1505     6.48008666E-001
  0.1515     6.50149657E-001
  0.1525     6.52282511E-001
  0.1535     6.54409074E-001
  0.1545     6.56528730E-001
  0.1555     6.58642060E-001
  0.1565     6.60745050E-001
  0.1575     6.62844367E-001
  0.1585     6.64931343E-001
  0.1595     6.67022305E-001
  0.1605     6.69098767E-001
  0.1615     6.71183709E-001
  0.1625     6.73254119E-001
  0.1635     6.75312837E-001
  0.1645     6.77369353E-001
  0.1655     6.79419822E-001
  0.1665     6.81457382E-001
  0.1675     6.83494359E-001
  0.1685     6.85520032E-001
  0.1695     6.87546370E-001
  0.1705     6.89562752E-001
  0.1715     6.91570859E-001
  0.1725     6.93576397E-001
  0.1735     6.95572784E-001
  0.1745     6.97562767E-001
  0.1755     6.99550893E-001
  0.1765     7.01525111E-001
  0.1775     7.03499156E-001
  0.1785     7.05471596E-001
  0.1795     7.07436887E-001
  0.1805     7.09387797E-001
  0.1815     7.11336999E-001
  0.1825     7.13288652E-001
  0.1835     7.15229735E-001
  0.1845     7.17169483E-001
  0.1855     7.19099741E-001
  0.1865     7.21029891E-001
  0.1875     7.22946943E-001
  0.1885     7.24858509E-001
  0.1895     7.26777422E-001
  0.1905     7.28679540E-001
  0.1915     7.30582720E-001
  0.1925     7.32472152E-001
  0.1935     7.34361289E-001
  0.1945     7.36238980E-001
  0.1955     7.38121070E-001
  0.1965     7.39992264E-001
  0.1975     7.41863931E-001
  0.1985     7.43723476E-001
  0.1995     7.45585406E-001
  0.2005     7.47443975E-001
  0.2015     7.49287954E-001
  0.2025     7.51143891E-001
  0.2035     7.52979179E-001
  0.2045     7.54821294E-001
  0.2055     7.56663796E-001
  0.2065     7.58495118E-001
  0.2075     7.60325526E-001
  0.2085     7.62148293E-001
  0.2095     7.63961270E-001
  0.2105     7.65775642E-001
  0.2115     7.67583079E-001
  0.2125     7.69395000E-001
  0.2135     7.71192002E-001
  0.2145     7.72983122E-001
  0.2155     7.74776361E-001
  0.2165     7.76557956E-001
  0.2175     7.78333590E-001
  0.2185     7.80111870E-001
  0.2195     7.81893241E-001
  0.2205     7.83652235E-001
  0.2215     7.85415402E-001
  0.2225     7.87178579E-001
  0.2235     7.88940335E-001
  0.2245     7.90693612E-001
  0.2255     7.92451408E-001
  0.2265     7.94199286E-001
  0.2275     7.95945232E-001
  0.2285     7.97687473E-001
  0.2295     7.99419893E-001
  0.2305     8.01157485E-001
  0.2315     8.02881741E-001
  0.2325     8.04602480E-001
  0.2335     8.06320995E-001
  0.2345     8.08038861E-001
  0.2355     8.09754101E-001
  0.2365     8.11463754E-001
  0.2375     8.13161978E-001
  0.2385     8.14855705E-001
  0.2395     8.16552712E-001
  0.2405     8.18249401E-001
  0.2415     8.19938108E-001
  0.2425     8.21633819E-001
  0.2435     8.23313558E-001
  0.2445     8.24993814E-001
  0.2455     8.26678823E-001
  0.2465     8.28355614E-001
  0.2475     8.30028644E-001
  0.2485     8.31688433E-001
  0.2495     8.33348428E-001
  0.2505     8.35013409E-001
  0.2515     8.36674961E-001
  0.2525     8.38321916E-001
  0.2535     8.39974566E-001
  0.2545     8.41611400E-001
  0.2555     8.43258565E-001
  0.2565     8.44900086E-001
  0.2575     8.46529343E-001
  0.2585     8.48156048E-001
  0.2595     8.49787334E-001
  0.2605     8.51408824E-001
  0.2615     8.53028457E-001
  0.2625     8.54653050E-001
  0.2635     8.56274290E-001
  0.2645     8.57881862E-001
  0.2655     8.59500744E-001
  0.2665     8.61107234E-001
  0.2675     8.62711653E-001
  0.2685     8.64310362E-001
  0.2695     8.65914391E-001
  0.2705     8.67509843E-001
  0.2715     8.69091976E-001
  0.2725     8.70693111E-001
  0.2735     8.72275322E-001
  0.2745     8.73853373E-001
  0.2755     8.75435788E-001
  0.2765     8.77008009E-001
  0.2775     8.78579868E-001
  0.2785     8.80145187E-001
  0.2795     8.81711944E-001
  0.2805     8.83269527E-001
  0.2815     8.84835028E-001
  0.2825     8.86405595E-001
  0.2835     8.87960546E-001
  0.2845     8.89517544E-001
  0.2855     8.91071007E-001
  0.2865     8.92621645E-001
  0.2875     8.94168114E-001
  0.2885     8.95712139E-001
  0.2895     8.97252949E-001
  0.2905     8.98793758E-001
  0.2915     9.00332568E-001
  0.2925     9.01864640E-001
  0.2935     9.03396776E-001
  0.2945     9.04931487E-001
  0.2955     9.06449924E-001
  0.2965     9.07972882E-001
  0.2975     9.09491681E-001
  0.2985     9.11002730E-001
  0.2995     9.12521113E-001
  0.3005     9.14030362E-001
  0.3015     9.15535604E-001
  0.3025     9.17050311E-001
  0.3035     9.18559817E-001
  0.3045     9.20050720E-001
  0.3055     9.21549333E-001
  0.3065     9.23052323E-001
  0.3075     9.24553727E-001
  0.3085     9.26052457E-001
  0.3095     9.27536271E-001
  0.3105     9.29030644E-001
  0.3115     9.30513326E-001
  0.3125     9.32002600E-001
  0.3135     9.33485628E-001
  0.3145     9.34957547E-001
  0.3155     9.36439062E-001
  0.3165     9.37897200E-001
  0.3175     9.39371927E-001
  0.3185     9.40836798E-001
  0.3195     9.42300333E-001
  0.3205     9.43762728E-001
  0.3215     9.45223077E-001
  0.3225     9.46682684E-001
  0.3235     9.48136972E-001
  0.3245     9.49591343E-001
  0.3255     9.51052478E-001
  0.3265     9.52503003E-001
  0.3275     9.53950085E-001
  0.3285     9.55397651E-001
  0.3295     9.56843428E-001
  0.3305     9.58286551E-001
  0.3315     9.59721469E-001
  0.3325     9.61161252E-001
  0.3335     9.62591440E-001
  0.3345     9.64023508E-001
  0.3355     9.65451532E-001
  0.3365     9.66878892E-001
  0.3375     9.68299867E-001
  0.3385     9.69714100E-001
  0.3395     9.71142690E-001
  0.3405     9.72560281E-001
  0.3415     9.73962919E-001
  0.3425     9.75381834E-001
  0.3435     9.76800060E-001
  0.3445     9.78214504E-001
  0.3455     9.79624780E-001
  0.3465     9.81024103E-001
  0.3475     9.82443039E-001
  0.3485     9.83850946E-001
  0.3495     9.85244656E-001
  0.3505     9.86648041E-001
  0.3515     9.88041070E-001
  0.3525     9.89442137E-001
  0.3535     9.90829010E-001
  0.3545     9.92231903E-001
  0.3555     9.93605225E-001
  0.3565     9.94995714E-001
  0.3575     9.96377363E-001
  0.3585     9.97757984E-001
  0.3595     9.99139671E-001
  0.3605     1.00051884E+000
  0.3615     1.00188614E+000
  0.3625     1.00326463E+000
  0.3635     1.00462910E+000
  0.3645     1.00600171E+000
  0.3655     1.00738521E+000
  0.3665     1.00874796E+000
  0.3675     1.01011977E+000
  0.3685     1.01148489E+000
  0.3695     1.01285393E+000
  0.3705     1.01421485E+000
  0.3715     1.01557355E+000
  0.3725     1.01693318E+000
  0.3735     1.01828919E+000
  0.3745     1.01964613E+000
  0.3755     1.02100245E+000
  0.3765     1.02234373E+000
  0.3775     1.02369548E+000
  0.3785     1.02503851E+000
  0.3795     1.02638160E+000
  0.3805     1.02771692E+000
  0.3815     1.02906369E+000
  0.3825     1.03040341E+000
  0.3835     1.03174153E+000
  0.3845     1.03307067E+000
  0.3855     1.03440613E+000
  0.3865     1.03574429E+000
  0.3875     1.03707209E+000
  0.3885     1.03840450E+000
  0.3895     1.03973770E+000
  0.3905     1.04105809E+000
  0.3915     1.04238488E+000
  0.3925     1.04370880E+000
  0.3935     1.04502716E+000
  0.3945     1.04634251E+000
  0.3955     1.04766110E+000
  0.3965     1.04897336E+000
  0.3975     1.05028569E+000
  0.3985     1.05159784E+000
  0.3995     1.05289789E+000
  0.4005     1.05420752E+000
  0.4015     1.05550175E+000
  0.4025     1.05680966E+000
  0.4035     1.05811850E+000
  0.4045     1.05941556E+000
  0.4055     1.06071304E+000
  0.4065     1.06201743E+000
  0.4075     1.06331504E+000
  0.4085     1.06462570E+000
  0.4095     1.06591289E+000
  0.4105     1.06720191E+000
  0.4115     1.06850156E+000
  0.4125     1.06978932E+000
  0.4135     1.07108353E+000
  0.4145     1.07236741E+000
  0.4155     1.07365613E+000
  0.4165     1.07492889E+000
  0.4175     1.07620964E+000
  0.4185     1.07749317E+000
  0.4195     1.07877197E+000
  0.4205     1.08003846E+000
  0.4215     1.08131815E+000
  0.4225     1.08258519E+000
  0.4235     1.08386781E+000
  0.4245     1.08514071E+000
  0.4255     1.08640515E+000
  0.4265     1.08767594E+000
  0.4275     1.08894144E+000
  0.4285     1.09020384E+000
  0.4295     1.09147590E+000
  0.4305     1.09274236E+000
  0.4315     1.09400275E+000
  0.4325     1.09525693E+000
  0.4335     1.09651606E+000
  0.4345     1.09777121E+000
  0.4355     1.09902315E+000
  0.4365     1.10027994E+000
  0.4375     1.10153126E+000
  0.4385     1.10277525E+000
  0.4395     1.10402050E+000
  0.4405     1.10526608E+000
  0.4415     1.10650829E+000
  0.4425     1.10775299E+000
  0.4435     1.10898955E+000
  0.4445     1.11023531E+000
  0.4455     1.11148303E+000
  0.4465     1.11272046E+000
  0.4475     1.11395654E+000
  0.4485     1.11518778E+000
  0.4495     1.11643127E+000
  0.4505     1.11765631E+000
  0.4515     1.11889955E+000
  0.4525     1.12012925E+000
  0.4535     1.12136216E+000
  0.4545     1.12257998E+000
  0.4555     1.12381113E+000
  0.4565     1.12502660E+000
  0.4575     1.12624696E+000
  0.4585     1.12746801E+000
  0.4595     1.12869176E+000
  0.4605     1.12990788E+000
  0.4615     1.13113020E+000
  0.4625     1.13232972E+000
  0.4635     1.13354910E+000
  0.4645     1.13476213E+000
  0.4655     1.13597446E+000
  0.4665     1.13718611E+000
  0.4675     1.13840474E+000
  0.4685     1.13961266E+000
  0.4695     1.14081962E+000
  0.4705     1.14202621E+000
  0.4715     1.14322944E+000
  0.4725     1.14443489E+000
  0.4735     1.14563902E+000
  0.4745     1.14684960E+000
  0.4755     1.14804294E+000
  0.4765     1.14923494E+000
  0.4775     1.15043643E+000
  0.4785     1.15162399E+000
  0.4795     1.15281875E+000
  0.4805     1.15401559E+000
  0.4815     1.15519985E+000
  0.4825     1.15639164E+000
  0.4835     1.15757507E+000
  0.4845     1.15876827E+000
  0.4855     1.15996443E+000
  0.4865     1.16115153E+000
  0.4875     1.16233057E+000
  0.4885     1.16352792E+000
  0.4895     1.16471193E+000
  0.4905     1.16589457E+000
  0.4915     1.16708020E+000
  0.4925     1.16825414E+000
  0.4935     1.16944810E+000
  0.4945     1.17061740E+000
  0.4955     1.17179121E+000
  0.4965     1.17296790E+000
  0.4975     1.17414531E+000
  0.4985     1.17531526E+000
  0.4995     1.17648733E+000
  0.5005     1.17765239E+000
  0.5015     1.17882287E+000
  0.5025     1.17998943E+000
  0.5035     1.18115439E+000
  0.5045     1.18232179E+000
  0.5055     1.18348911E+000
  0.5065     1.18466205E+000
  0.5075     1.18581929E+000
  0.5085     1.18698679E+000
  0.5095     1.18814615E+000
  0.5105     1.18931579E+000
  0.5115     1.19047665E+000
  0.5125     1.19163314E+000
  0.5135     1.19279252E+000
  0.5145     1.19394263E+000
  0.5155     1.19509498E+000
  0.5165     1.19624991E+000
  0.5175     1.19740245E+000
  0.5185     1.19855454E+000
  0.5195     1.19969504E+000
  0.5205     1.20084203E+000
  0.5215     1.20199260E+000
  0.5225     1.20313715E+000
  0.5235     1.20428310E+000
  0.5245     1.20543367E+000
  0.5255     1.20657606E+000
  0.5265     1.20771490E+000
  0.5275     1.20886622E+000
  0.5285     1.21000221E+000
  0.5295     1.21114544E+000
  0.5305     1.21229069E+000
  0.5315     1.21343267E+000
  0.5325     1.21456368E+000
  0.5335     1.21571302E+000
  0.5345     1.21683953E+000
  0.5355     1.21798256E+000
  0.5365     1.21910508E+000
  0.5375     1.22023718E+000
  0.5385     1.22136653E+000
  0.5395     1.22250100E+000
  0.5405     1.22361723E+000
  0.5415     1.22475166E+000
  0.5425     1.22587532E+000
  0.5435     1.22700867E+000
  0.5445     1.22812530E+000
  0.5455     1.22926370E+000
  0.5465     1.23037714E+000
  0.5475     1.23150627E+000
  0.5485     1.23264363E+000
  0.5495     1.23377137E+000
  0.5505     1.23489033E+000
  0.5515     1.23601935E+000
  0.5525     1.23713721E+000
  0.5535     1.23824887E+000
  0.5545     1.23938154E+000
  0.5555     1.24049861E+000
  0.5565     1.24161238E+000
  0.5575     1.24273338E+000
  0.5585     1.24385562E+000
  0.5595     1.24496938E+000
  0.5605     1.24607372E+000
  0.5615     1.24718868E+000
  0.5625     1.24830009E+000
  0.5635     1.24940674E+000
  0.5645     1.25052350E+000
  0.5655     1.25163289E+000
  0.5665     1.25275486E+000
  0.5675     1.25386919E+000
  0.5685     1.25497434E+000
  0.5695     1.25608041E+000
  0.5705     1.25719550E+000
  0.5715     1.25831471E+000
  0.5725     1.25941759E+000
  0.5735     1.26052868E+000
  0.5745     1.26163994E+000
  0.5755     1.26274177E+000
  0.5765     1.26384736E+000
  0.5775     1.26495174E+000
  0.5785     1.26604874E+000
  0.5795     1.26716454E+000
  0.5805     1.26825866E+000
  0.5815     1.26935915E+000
  0.5825     1.27045573E+000
  0.5835     1.27155570E+000
  0.5845     1.27266246E+000
  0.5855     1.27376373E+000
  0.5865     1.27486963E+000
  0.5875     1.27598182E+000
  0.5885     1.27706834E+000
  0.5895     1.27818276E+000
  0.5905     1.27927920E+000
  0.5915     1.28039332E+000
  0.5925     1.28148193E+000
  0.5935     1.28259768E+000
  0.5945     1.28369944E+000
  0.5955     1.28479940E+000
  0.5965     1.28589544E+000
  0.5975     1.28699497E+000
  0.5985     1.28809458E+000
  0.5995     1.28917712E+000
  0.6005     1.29027340E+000
  0.6015     1.29136401E+000
  0.6025     1.29246376E+000
  0.6035     1.29357071E+000
  0.6045     1.29466644E+000
  0.6055     1.29576221E+000
  0.6065     1.29686277E+000
  0.6075     1.29795714E+000
  0.6085     1.29905923E+000
  0.6095     1.30015982E+000
  0.6105     1.30126038E+000
  0.6115     1.30236247E+000
  0.6125     1.30345661E+000
  0.6135     1.30455469E+000
  0.6145     1.30565272E+000
  0.6155     1.30674839E+000
  0.6165     1.30785070E+000
  0.6175     1.30894584E+000
  0.6185     1.31003956E+000
  0.6195     1.31113562E+000
  0.6205     1.31221872E+000
  0.6215     1.31332459E+000
  0.6225     1.31441340E+000
  0.6235     1.31552817E+000
  0.6245     1.31661409E+000
  0.6255     1.31771835E+000
  0.6265     1.31882022E+000
  0.6275     1.31991049E+000
  0.6285     1.32101272E+000
  0.6295     1.32211513E+000
  0.6305     1.32321242E+000
  0.6315     1.32431883E+000
  0.6325     1.32542444E+000
  0.6335     1.32652668E+000
  0.6345     1.32762203E+000
  0.6355     1.32872055E+000
  0.6365     1.32981539E+000
  0.6375     1.33092707E+000
  0.6385     1.33202814E+000
  0.6395     1.33311320E+000
  0.6405     1.33421515E+000
  0.6415     1.33531497E+000
  0.6425     1.33640489E+000
  0.6435     1.33750830E+000
  0.6445     1.33862172E+000
  0.6455     1.33971311E+000
  0.6465     1.34081785E+000
  0.6475     1.34192763E+000
  0.6485     1.34303548E+000
  0.6495     1.34414081E+000
  0.6505     1.34524346E+000
  0.6515     1.34634108E+000
  0.6525     1.34745069E+000
  0.6535     1.34856937E+000
  0.6545     1.34967648E+000
  0.6555     1.35077846E+000
  0.6565     1.35188930E+000
  0.6575     1.35299533E+000
  0.6585     1.35410180E+000
  0.6595     1.35520224E+000
  0.6605     1.35631699E+000
  0.6615     1.35741834E+000
  0.6625     1.35852189E+000
  0.6635     1.35964069E+000
  0.6645     1.36075040E+000
  0.6655     1.36185519E+000
  0.6665     1.36297783E+000
  0.6675     1.36407838E+000
  0.6685     1.36519663E+000
  0.6695     1.36631147E+000
  0.6705     1.36742975E+000
  0.6715     1.36853874E+000
  0.6725     1.36965165E+000
  0.6735     1.37076448E+000
  0.6745     1.37188559E+000
  0.6755     1.37299587E+000
  0.6765     1.37412293E+000
  0.6775     1.37522914E+000
  0.6785     1.37635010E+000
  0.6795     1.37746055E+000
  0.6805     1.37858489E+000
  0.6815     1.37970444E+000
  0.6825     1.38081036E+000
  0.6835     1.38193758E+000
  0.6845     1.38307223E+000
  0.6855     1.38418405E+000
  0.6865     1.38531125E+000
  0.6875     1.38644281E+000
  0.6885     1.38758006E+000
  0.6895     1.38869742E+000
  0.6905     1.38982528E+000
  0.6915     1.39095665E+000
  0.6925     1.39209776E+000
  0.6935     1.39322531E+000
  0.6945     1.39434939E+000
  0.6955     1.39549001E+000
  0.6965     1.39660845E+000
  0.6975     1.39774717E+000
  0.6985     1.39886817E+000
  0.6995     1.40001114E+000
  0.7005     1.40114139E+000
  0.7015     1.40227642E+000
  0.7025     1.40341489E+000
  0.7035     1.40454886E+000
  0.7045     1.40568513E+000
  0.7055     1.40682224E+000
  0.7065     1.40797421E+000
  0.7075     1.40911401E+000
  0.7085     1.41025025E+000
  0.7095     1.41140335E+000
  0.7105     1.41254498E+000
  0.7115     1.41368755E+000
  0.7125     1.41483565E+000
  0.7135     1.41598459E+000
  0.7145     1.41712859E+000
  0.7155     1.41827790E+000
  0.7165     1.41942829E+000
  0.7175     1.42056534E+000
  0.7185     1.42172524E+000
  0.7195     1.42286961E+000
  0.7205     1.42401288E+000
  0.7215     1.42518179E+000
  0.7225     1.42631724E+000
  0.7235     1.42748469E+000
  0.7245     1.42863992E+000
  0.7255     1.42978701E+000
  0.7265     1.43095593E+000
  0.7275     1.43211925E+000
  0.7285     1.43328122E+000
  0.7295     1.43444497E+000
  0.7305     1.43560515E+000
  0.7315     1.43676854E+000
  0.7325     1.43794146E+000
  0.7335     1.43910148E+000
  0.7345     1.44026412E+000
  0.7355     1.44142691E+000
  0.7365     1.44259733E+000
  0.7375     1.44376290E+000
  0.7385     1.44493568E+000
  0.7395     1.44610501E+000
  0.7405     1.44727327E+000
  0.7415     1.44844406E+000
  0.7425     1.44961792E+000
  0.7435     1.45079927E+000
  0.7445     1.45197365E+000
  0.7455     1.45315097E+000
  0.7465     1.45432823E+000
  0.7475     1.45551073E+000
  0.7485     1.45668640E+000
  0.7495     1.45787474E+000
  0.7505     1.45905923E+000
  0.7515     1.46024578E+000
  0.7525     1.46143523E+000
  0.7535     1.46263153E+000
  0.7545     1.46380403E+000
  0.7555     1.46499669E+000
  0.7565     1.46618813E+000
  0.7575     1.46738108E+000
  0.7585     1.46857291E+000
  0.7595     1.46975120E+000
  0.7605     1.47094610E+000
  0.7615     1.47214672E+000
  0.7625     1.47333405E+000
  0.7635     1.47453291E+000
  0.7645     1.47573066E+000
  0.7655     1.47693268E+000
  0.7665     1.47812779E+000
  0.7675     1.47934371E+000
  0.7685     1.48054466E+000
  0.7695     1.48174661E+000
  0.7705     1.48295164E+000
  0.7715     1.48416048E+000
  0.7725     1.48536628E+000
  0.7735     1.48657298E+000
  0.7745     1.48778611E+000
  0.7755     1.48899884E+000
  0.7765     1.49021251E+000
  0.7775     1.49141945E+000
  0.7785     1.49263279E+000
  0.7795     1.49384326E+000
  0.7805     1.49506645E+000
  0.7815     1.49627280E+000
  0.7825     1.49750123E+000
  0.7835     1.49871757E+000
  0.7845     1.49994549E+000
  0.7855     1.50116071E+000
  0.7865     1.50239144E+000
  0.7875     1.50362557E+000
  0.7885     1.50485110E+000
  0.7895     1.50608502E+000
  0.7905     1.50732074E+000
  0.7915     1.50854090E+000
  0.7925     1.50978599E+000
  0.7935     1.51101959E+000
  0.7945     1.51225154E+000
  0.7955     1.51348838E+000
  0.7965     1.51472175E+000
  0.7975     1.51596896E+000
  0.7985     1.51719611E+000
  0.7995     1.51843446E+000
  0.8005     1.51968033E+000
  0.8015     1.52091021E+000
  0.8025     1.52215690E+000
  0.8035     1.52339906E+000
  0.8045     1.52464016E+000
  0.8055     1.52590202E+000
  0.8065     1.52713868E+000
  0.8075     1.52839395E+000
  0.8085     1.52964587E+000
  0.8095     1.53090224E+000
  0.8105     1.53216317E+000
  0.8115     1.53341580E+000
  0.8125     1.53467384E+000
  0.8135     1.53592848E+000
  0.8145     1.53718600E+000
  0.8155     1.53845238E+000
  0.8165     1.53970455E+000
  0.8175     1.54097018E+000
  0.8185     1.54222924E+000
  0.8195     1.54349298E+000
  0.8205     1.54476907E+000
  0.8215     1.54602043E+000
  0.8225     1.54729250E+000
  0.8235     1.54857410E+000
  0.8245     1.54983518E+000
  0.8255     1.55111144E+000
  0.8265     1.55238718E+000
  0.8275     1.55366464E+000
  0.8285     1.55494592E+000
  0.8295     1.55622506E+000
  0.8305     1.55750907E+000
  0.8315     1.55879466E+000
  0.8325     1.56006974E+000
  0.8335     1.56135760E+000
  0.8345     1.56263661E+000
  0.8355     1.56392501E+000
  0.8365     1.56522094E+000
  0.8375     1.56648376E+000
  0.8385     1.56777509E+000
  0.8395     1.56906830E+000
  0.8405     1.57036339E+000
  0.8415     1.57166230E+000
  0.8425     1.57295097E+000
  0.8435     1.57424951E+000
  0.8445     1.57553890E+000
  0.8455     1.57683891E+000
  0.8465     1.57814441E+000
  0.8475     1.57944177E+000
  0.8485     1.58075125E+000
  0.8495     1.58205587E+000
  0.8505     1.58336435E+000
  0.8515     1.58468373E+000
  0.8525     1.58598525E+000
  0.8535     1.58728491E+000
  0.8545     1.58860264E+000
  0.8555     1.58991724E+000
  0.8565     1.59123101E+000
  0.8575     1.59254207E+000
  0.8585     1.59384550E+000
  0.8595     1.59517135E+000
  0.8605     1.59647905E+000
  0.8615     1.59780365E+000
  0.8625     1.59912026E+000
  0.8635     1.60044025E+000
  0.8645     1.60177295E+000
  0.8655     1.60309982E+000
  0.8665     1.60442005E+000
  0.8675     1.60575929E+000
  0.8685     1.60708467E+000
  0.8695     1.60842208E+000
  0.8705     1.60975377E+000
  0.8715     1.61108875E+000
  0.8725     1.61243431E+000
  0.8735     1.61376488E+000
  0.8745     1.61510398E+000
  0.8755     1.61644563E+000
  0.8765     1.61778274E+000
  0.8775     1.61912641E+000
  0.8785     1.62047240E+000
  0.8795     1.62180361E+000
  0.8805     1.62315108E+000
  0.8815     1.62449106E+000
  0.8825     1.62584167E+000
  0.8835     1.62718932E+000
  0.8845     1.62854983E+000
  0.8855     1.62990287E+000
  0.8865     1.63125835E+000
  0.8875     1.63260864E+000
  0.8885     1.63397886E+000
  0.8895     1.63533450E+000
  0.8905     1.63669230E+000
  0.8915     1.63805502E+000
  0.8925     1.63942295E+000
  0.8935     1.64079160E+000
  0.8945     1.64214654E+000
  0.8955     1.64352083E+000
  0.8965     1.64488351E+000
  0.8975     1.64623838E+000
  0.8985     1.64761141E+000
  0.8995     1.64897820E+000
  0.9005     1.65035870E+000
  0.9015     1.65172427E+000
  0.9025     1.65310056E+000
  0.9035     1.65447418E+000
  0.9045     1.65585805E+000
  0.9055     1.65723858E+000
  0.9065     1.65863003E+000
  0.9075     1.66001080E+000
  0.9085     1.66138722E+000
  0.9095     1.66278595E+000
  0.9105     1.66417814E+000
  0.9115     1.66556683E+000
  0.9125     1.66695744E+000
  0.9135     1.66835176E+000
  0.9145     1.66974048E+000
  0.9155     1.67112980E+000
  0.9165     1.67252198E+000
  0.9175     1.67391900E+000
  0.9185     1.67531199E+000
  0.9195     1.67671277E+000
  0.9205     1.67810141E+000
  0.9215     1.67950883E+000
  0.9225     1.68092527E+000
  0.9235     1.68231854E+000
  0.9245     1.68373388E+000
  0.9255     1.68512921E+000
  0.9265     1.68654185E+000
  0.9275     1.68796133E+000
  0.9285     1.68938801E+000
  0.9295     1.69079817E+000
  0.9305     1.69222527E+000
  0.9315     1.69363172E+000
  0.9325     1.69505240E+000
  0.9335     1.69646263E+000
  0.9345     1.69789013E+000
  0.9355     1.69932001E+000
  0.9365     1.70074182E+000
  0.9375     1.70215981E+000
  0.9385     1.70358836E+000
  0.9395     1.70500243E+000
  0.9405     1.70643360E+000
  0.9415     1.70786393E+000
  0.9425     1.70929295E+000
  0.9435     1.71072420E+000
  0.9445     1.71216287E+000
  0.9455     1.71360430E+000
  0.9465     1.71504098E+000
  0.9475     1.71648652E+000
  0.9485     1.71792917E+000
  0.9495     1.71937082E+000
  0.9505     1.72081516E+000
  0.9515     1.72225907E+000
  0.9525     1.72370738E+000
  0.9535     1.72515964E+000
  0.9545     1.72660127E+000
  0.9555     1.72804986E+000
  0.9565     1.72949728E+000
  0.9575     1.73096040E+000
  0.9585     1.73240450E+000
  0.9595     1.73385956E+000
  0.9605     1.73530777E+000
  0.9615     1.73678061E+000
  0.9625     1.73823516E+000
  0.9635     1.73969818E+000
  0.9645     1.74116754E+000
  0.9655     1.74262133E+000
  0.9665     1.74410100E+000
  0.9675     1.74557773E+000
  0.9685     1.74702819E+000
  0.9695     1.74851609E+000
  0.9705     1.74998368E+000
  0.9715     1.75145542E+000
  0.9725     1.75294003E+000
  0.9735     1.75440338E+000
  0.9745     1.75587852E+000
  0.9755     1.75736192E+000
  0.9765     1.75883695E+000
  0.9775     1.76032814E+000
  0.9785     1.76181293E+000
  0.9795     1.76328980E+000
  0.9805     1.76476420E+000
  0.9815     1.76626259E+000
  0.9825     1.76774715E+000
  0.9835     1.76922785E+000
  0.9845     1.77073086E+000
  0.9855     1.77222451E+000
  0.9865     1.77371252E+000
  0.9875     1.77522450E+000
  0.9885     1.77671263E+000
  0.9895     1.77822242E+000
  0.9905     1.77971693E+000
  0.9915     1.78121375E+000
  0.9925     1.78272149E+000
  0.9935     1.78422018E+000
  0.9945     1.78572152E+000
  0.9955     1.78724280E+000
  0.9965     1.78874880E+000
  0.9975     1.79024748E+000
  0.9985     1.79176151E+000
  0.9995     1.79327130E+000
  1.0005     1.79478845E+000
  1.0015     1.79631559E+000
  1.0025     1.79782828E+000
  1.0035     1.79934487E+000
  1.0045     1.80087137E+000
  1.0055     1.80238394E+000
  1.0065     1.80390071E+000
  1.0075     1.80543492E+000
  1.0085     1.80696953E+000
  1.0095     1.80850288E+000
  1.0105     1.81002385E+000
  1.0115     1.81155557E+000
  1.0125     1.81308888E+000
  1.0135     1.81461675E+000
  1.0145     1.81615331E+000
  1.0155     1.81769531E+000
  1.0165     1.81921907E+000
  1.0175     1.82077137E+000
  1.0185     1.82230080E+000
  1.0195     1.82383691E+000
  1.0205     1.82538389E+000
  1.0215     1.82692649E+000
  1.0225     1.82847681E+000
  1.0235     1.83004336E+000
  1.0245     1.83156973E+000
  1.0255     1.83311930E+000
  1.0265     1.83467486E+000
  1.0275     1.83622167E+000
  1.0285     1.83780469E+000
  1.0295     1.83935037E+000
  1.0305     1.84090868E+000
  1.0315     1.84247014E+000
  1.0325     1.84403052E+000
  1.0335     1.84558640E+000
  1.0345     1.84715117E+000
  1.0355     1.84871902E+000
  1.0365     1.85028402E+000
  1.0375     1.85184107E+000
  1.0385     1.85342254E+000
  1.0395     1.85498089E+000
  1.0405     1.85655195E+000
  1.0415     1.85812517E+000
  1.0425     1.85970484E+000
  1.0435     1.86127221E+000
  1.0445     1.86285159E+000
  1.0455     1.86442892E+000
  1.0465     1.86603307E+000
  1.0475     1.86761038E+000
  1.0485     1.86919791E+000
  1.0495     1.87077417E+000
  1.0505     1.87238048E+000
  1.0515     1.87395981E+000
  1.0525     1.87554197E+000
  1.0535     1.87713587E+000
  1.0545     1.87873050E+000
  1.0555     1.88032599E+000
  1.0565     1.88192537E+000
  1.0575     1.88350849E+000
  1.0585     1.88510633E+000
  1.0595     1.88671206E+000
  1.0605     1.88831234E+000
  1.0615     1.88990856E+000
  1.0625     1.89151319E+000
  1.0635     1.89311601E+000
  1.0645     1.89474157E+000
  1.0655     1.89633685E+000
  1.0665     1.89795882E+000
  1.0675     1.89956592E+000
  1.0685     1.90118775E+000
  1.0695     1.90279622E+000
  1.0705     1.90440791E+000
  1.0715     1.90602353E+000
  1.0725     1.90765213E+000
  1.0735     1.90926764E+000
  1.0745     1.91090027E+000
  1.0755     1.91251114E+000
  1.0765     1.91413943E+000
  1.0775     1.91576002E+000
  1.0785     1.91739534E+000
  1.0795     1.91900180E+000
  1.0805     1.92063760E+000
  1.0815     1.92228125E+000
  1.0825     1.92390279E+000
  1.0835     1.92553708E+000
  1.0845     1.92717824E+000
  1.0855     1.92881447E+000
  1.0865     1.93045617E+000
  1.0875     1.93210373E+000
  1.0885     1.93374869E+000
  1.0895     1.93540242E+000
  1.0905     1.93703075E+000
  1.0915     1.93868211E+000
  1.0925     1.94033090E+000
  1.0935     1.94198889E+000
  1.0945     1.94364138E+000
  1.0955     1.94527753E+000
  1.0965     1.94694682E+000
  1.0975     1.94858418E+000
  1.0985     1.95023928E+000
  1.0995     1.95189580E+000
  1.1005     1.95355454E+000
  1.1015     1.95522007E+000
  1.1025     1.95688202E+000
  1.1035     1.95855234E+000
  1.1045     1.96022026E+000
  1.1055     1.96188429E+000
  1.1065     1.96356205E+000
  1.1075     1.96523557E+000
  1.1085     1.96690146E+000
  1.1095     1.96859580E+000
  1.1105     1.97025154E+000
  1.1115     1.97192802E+000
  1.1125     1.97360893E+000
  1.1135     1.97528657E+000
  1.1145     1.97696568E+000
  1.1155     1.97865347E+000
  1.1165     1.98032219E+000
  1.1175     1.98201118E+000
  1.1185     1.98369283E+000
  1.1195     1.98537948E+000
  1.1205     1.98707277E+000
  1.1215     1.98876360E+000
  1.1225     1.99045407E+000
  1.1235     1.99213695E+000
  1.1245     1.99384601E+000
  1.1255     1.99553197E+000
  1.1265     1.99723646E+000
  1.1275     1.99893978E+000
  1.1285     2.00065020E+000
  1.1295     2.00234688E+000
  1.1305     2.00404389E+000
  1.1315     2.00576146E+000
  1.1325     2.00746534E+000
  1.1335     2.00915634E+000
  1.1345     2.01087286E+000
  1.1355     2.01258263E+000
  1.1365     2.01428458E+000
  1.1375     2.01600388E+000
  1.1385     2.01771947E+000
  1.1395     2.01943279E+000
  1.1405     2.02115251E+000
  1.1415     2.02287668E+000
  1.1425     2.02460185E+000
  1.1435     2.02632538E+000
  1.1445     2.02805329E+000
  1.1455     2.02978829E+000
  1.1465     2.03150868E+000
  1.1475     2.03324604E+000
  1.1485     2.03497511E+000
  1.1495     2.03670425E+000
  1.1505     2.03844094E+000
  1.1515     2.04016509E+000
  1.1525     2.04190758E+000
  1.1535     2.04364391E+000
  1.1545     2.04538016E+000
  1.1555     2.04711578E+000
  1.1565     2.04885994E+000
  1.1575     2.05059854E+000
  1.1585     2.05234560E+000
  1.1595     2.05408436E+000
  1.1605     2.05583297E+000
  1.1615     2.05759578E+000
  1.1625     2.05935236E+000
  1.1635     2.06108453E+000
  1.1645     2.06285511E+000
  1.1655     2.06460975E+000
  1.1665     2.06635728E+000
  1.1675     2.06812691E+000
  1.1685     2.06988833E+000
  1.1695     2.07165330E+000
  1.1705     2.07341574E+000
  1.1715     2.07516513E+000
  1.1725     2.07694333E+000
  1.1735     2.07871157E+000
  1.1745     2.08048684E+000
  1.1755     2.08224806E+000
  1.1765     2.08399902E+000
  1.1775     2.08577759E+000
  1.1785     2.08756180E+000
  1.1795     2.08933278E+000
  1.1805     2.09110653E+000
  1.1815     2.09289846E+000
  1.1825     2.09468123E+000
  1.1835     2.09645343E+000
  1.1845     2.09824882E+000
  1.1855     2.10002922E+000
  1.1865     2.10181372E+000
  1.1875     2.10359561E+000
  1.1885     2.10539816E+000
  1.1895     2.10718070E+000
  1.1905     2.10899199E+000
  1.1915     2.11077473E+000
  1.1925     2.11257652E+000
  1.1935     2.11437383E+000
  1.1945     2.11616789E+000
  1.1955     2.11796689E+000
  1.1965     2.11976483E+000
  1.1975     2.12156276E+000
  1.1985     2.12336468E+000
  1.1995     2.12515907E+000
  1.2005     2.12698481E+000
  1.2015     2.12878804E+000
  1.2025     2.13058240E+000
  1.2035     2.13239223E+000
  1.2045     2.13421714E+000
  1.2055     2.13603858E+000
  1.2065     2.13786029E+000
  1.2075     2.13967880E+000
  1.2085     2.14149168E+000
  1.2095     2.14331049E+000
  1.2105     2.14513798E+000
  1.2115     2.14696357E+000
  1.2125     2.14878918E+000
  1.2135     2.15060880E+000
  1.2145     2.15244223E+000
  1.2155     2.15426036E+000
  1.2165     2.15608601E+000
  1.2175     2.15792241E+000
  1.2185     2.15975238E+000
  1.2195     2.16158378E+000
  1.2205     2.16342201E+000
  1.2215     2.16526557E+000
  1.2225     2.16710060E+000
  1.2235     2.16894476E+000
  1.2245     2.17079594E+000
  1.2255     2.17263930E+000
  1.2265     2.17449660E+000
  1.2275     2.17634067E+000
  1.2285     2.17819163E+000
  1.2295     2.18003036E+000
  1.2305     2.18188476E+000
  1.2315     2.18374012E+000
  1.2325     2.18561731E+000
  1.2335     2.18745221E+000
  1.2345     2.18931427E+000
  1.2355     2.19116476E+000
  1.2365     2.19302409E+000
  1.2375     2.19488644E+000
  1.2385     2.19673550E+000
  1.2395     2.19861802E+000
  1.2405     2.20047269E+000
  1.2415     2.20235547E+000
  1.2425     2.20423103E+000
  1.2435     2.20608592E+000
  1.2445     2.20796333E+000
  1.2455     2.20983735E+000
  1.2465     2.21171676E+000
  1.2475     2.21358934E+000
  1.2485     2.21546592E+000
  1.2495     2.21736260E+000
  1.2505     2.21922804E+000
  1.2515     2.22111645E+000
  1.2525     2.22298611E+000
  1.2535     2.22487029E+000
  1.2545     2.22675600E+000
  1.2555     2.22865042E+000
  1.2565     2.23053536E+000
  1.2575     2.23242984E+000
  1.2585     2.23432410E+000
  1.2595     2.23620837E+000
  1.2605     2.23813262E+000
  1.2615     2.23999977E+000
  1.2625     2.24191603E+000
  1.2635     2.24380224E+000
  1.2645     2.24570848E+000
  1.2655     2.24761498E+000
  1.2665     2.24952027E+000
  1.2675     2.25144384E+000
  1.2685     2.25334469E+000
  1.2695     2.25525408E+000
  1.2705     2.25716382E+000
  1.2715     2.25906063E+000
  1.2725     2.26097464E+000
  1.2735     2.26290360E+000
  1.2745     2.26481078E+000
  1.2755     2.26674274E+000
  1.2765     2.26865163E+000
  1.2775     2.27057051E+000
  1.2785     2.27249147E+000
  1.2795     2.27442599E+000
  1.2805     2.27633934E+000
  1.2815     2.27826444E+000
  1.2825     2.28020038E+000
  1.2835     2.28212711E+000
  1.2845     2.28405556E+000
  1.2855     2.28599234E+000
  1.2865     2.28792810E+000
  1.2875     2.28987870E+000
  1.2885     2.29179944E+000
  1.2895     2.29373989E+000
  1.2905     2.29568392E+000
  1.2915     2.29762072E+000
  1.2925     2.29956178E+000
  1.2935     2.30149685E+000
  1.2945     2.30344730E+000
  1.2955     2.30537777E+000
  1.2965     2.30734854E+000
  1.2975     2.30928082E+000
  1.2985     2.31123849E+000
  1.2995     2.31318784E+000
  1.3005     2.31514686E+000
  1.3015     2.31710904E+000
  1.3025     2.31905801E+000
  1.3035     2.32102416E+000
  1.3045     2.32298950E+000
  1.3055     2.32495101E+000
  1.3065     2.32691594E+000
  1.3075     2.32888473E+000
  1.3085     2.33084025E+000
  1.3095     2.33281073E+000
  1.3105     2.33477870E+000
  1.3115     2.33675407E+000
  1.3125     2.33873764E+000
  1.3135     2.34070603E+000
  1.3145     2.34266933E+000
  1.3155     2.34465489E+000
  1.3165     2.34662382E+000
  1.3175     2.34860812E+000
  1.3185     2.35057201E+000
  1.3195     2.35256493E+000
  1.3205     2.35454699E+000
  1.3215     2.35653942E+000
  1.3225     2.35853019E+000
  1.3235     2.36053076E+000
  1.3245     2.36250810E+000
  1.3255     2.36451355E+000
  1.3265     2.36649388E+000
  1.3275     2.36850761E+000
  1.3285     2.37051821E+000
  1.3295     2.37250397E+000
  1.3305     2.37449585E+000
  1.3315     2.37650620E+000
  1.3325     2.37849901E+000
  1.3335     2.38050750E+000
  1.3345     2.38250520E+000
  1.3355     2.38452507E+000
  1.3365     2.38653514E+000
  1.3375     2.38852870E+000
  1.3385     2.39054748E+000
  1.3395     2.39255180E+000
  1.3405     2.39457145E+000
  1.3415     2.39658209E+000
  1.3425     2.39860517E+000
  1.3435     2.40062991E+000
  1.3445     2.40266996E+000
  1.3455     2.40467937E+000
  1.3465     2.40671683E+000
  1.3475     2.40873085E+000
  1.3485     2.41074382E+000
  1.3495     2.41277568E+000
  1.3505     2.41481666E+000
  1.3515     2.41683853E+000
  1.3525     2.41887213E+000
  1.3535     2.42091073E+000
  1.3545     2.42294330E+000
  1.3555     2.42499603E+000
  1.3565     2.42702235E+000
  1.3575     2.42906376E+000
  1.3585     2.43111276E+000
  1.3595     2.43314044E+000
  1.3605     2.43518182E+000
  1.3615     2.43724525E+000
  1.3625     2.43926419E+000
  1.3635     2.44132998E+000
  1.3645     2.44336875E+000
  1.3655     2.44543046E+000
  1.3665     2.44748234E+000
  1.3675     2.44952886E+000
  1.3685     2.45159517E+000
  1.3695     2.45366035E+000
  1.3705     2.45570666E+000
  1.3715     2.45777067E+000
  1.3725     2.45981937E+000
  1.3735     2.46189668E+000
  1.3745     2.46395671E+000
  1.3755     2.46602223E+000
  1.3765     2.46809670E+000
  1.3775     2.47015788E+000
  1.3785     2.47222077E+000
  1.3795     2.47429552E+000
  1.3805     2.47637244E+000
  1.3815     2.47844640E+000
  1.3825     2.48052238E+000
  1.3835     2.48259627E+000
  1.3845     2.48468594E+000
  1.3855     2.48676835E+000
  1.3865     2.48885663E+000
  1.3875     2.49093184E+000
  1.3885     2.49301898E+000
  1.3895     2.49510861E+000
  1.3905     2.49719617E+000
  1.3915     2.49929689E+000
  1.3925     2.50139313E+000
  1.3935     2.50348265E+000
  1.3945     2.50556594E+000
  1.3955     2.50766934E+000
  1.3965     2.50975458E+000
  1.3975     2.51186097E+000
  1.3985     2.51395146E+000
  1.3995     2.51606073E+000
  1.4005     2.51815732E+000
  1.4015     2.52025922E+000
  1.4025     2.52234994E+000
  1.4035     2.52447507E+000
  1.4045     2.52655805E+000
  1.4055     2.52866770E+000
  1.4065     2.53076630E+000
  1.4075     2.53292829E+000
  1.4085     2.53500480E+000
  1.4095     2.53709653E+000
  1.4105     2.53920010E+000
  1.4115     2.54134224E+000
  1.4125     2.54347436E+000
  1.4135     2.54563542E+000
  1.4145     2.54774876E+000
  1.4155     2.54980291E+000
  1.4165     2.55207643E+000
  1.4175     2.55399317E+000
  1.4185     2.55586354E+000
  1.4195     2.55881753E+000
  1.4205     2.56075673E+000
  1.4215     2.56318133E+000
  1.4225     2.56528496E+000
  1.4235     2.56629146E+000
  1.4245     2.56710122E+000
  1.4255     2.56856749E+000
  1.4265     2.57125206E+000
  1.4275     2.57958255E+000
  1.4285     2.58550935E+000
  1.4305     2.59162694E+000
  1.4315     2.57156400E+000
