  9.9775     0.00000000E+000
  9.9825     8.62784829E-003
  9.9875     2.00959112E-002
  9.9925     3.69434643E-002
  9.9975     4.24693216E-002
 10.0025     6.83244719E-002
 10.0075     7.26745878E-002
 10.0125     9.36817946E-002
 10.0175     1.03197540E-001
 10.0225     1.15792784E-001
 10.0275     1.26551530E-001
 10.0325     1.39552034E-001
 10.0375     1.53679349E-001
 10.0425     1.67740432E-001
 10.0475     1.80506481E-001
 10.0525     1.99145900E-001
 10.0575     2.12433627E-001
 10.0625     2.18777628E-001
 10.0675     2.29599558E-001
 10.0725     2.38874457E-001
 10.0775     2.50788559E-001
 10.0825     2.61950404E-001
 10.0875     2.72414990E-001
 10.0925     2.82018805E-001
 10.0975     2.93633518E-001
 10.1025     3.04875455E-001
 10.1075     3.15756970E-001
 10.1125     3.26152720E-001
 10.1175     3.37792425E-001
 10.1225     3.49105002E-001
 10.1275     3.60037225E-001
 10.1325     3.71554732E-001
 10.1375     3.82435383E-001
 10.1425     3.93862158E-001
 10.1475     4.04642084E-001
 10.1525     4.16087748E-001
 10.1575     4.27686046E-001
 10.1625     4.39066332E-001
 10.1675     4.50244727E-001
 10.1725     4.61463949E-001
 10.1775     4.72788955E-001
 10.1825     4.84022916E-001
 10.1875     4.95321342E-001
 10.1925     5.06492670E-001
 10.1975     5.17681855E-001
 10.2025     5.29077298E-001
 10.2075     5.40329807E-001
 10.2125     5.51500793E-001
 10.2175     5.62962224E-001
 10.2225     5.74105813E-001
 10.2275     5.85486640E-001
 10.2325     5.96724438E-001
 10.2375     6.08007096E-001
 10.2425     6.19280895E-001
 10.2475     6.30610316E-001
 10.2525     6.41961847E-001
 10.2575     6.53112594E-001
 10.2625     6.64426401E-001
 10.2675     6.75687149E-001
 10.2725     6.86994268E-001
 10.2775     6.98257670E-001
 10.2825     7.09580927E-001
 10.2875     7.20831995E-001
 10.2925     7.32088316E-001
 10.2975     7.43352797E-001
 10.3025     7.54675277E-001
 10.3075     7.65950017E-001
 10.3125     7.77217712E-001
 10.3175     7.88534604E-001
 10.3225     7.99794490E-001
 10.3275     8.11130050E-001
 10.3325     8.22370620E-001
 10.3375     8.33659928E-001
 10.3425     8.44937101E-001
 10.3475     8.56222532E-001
 10.3525     8.67529905E-001
 10.3575     8.78805274E-001
 10.3625     8.90082277E-001
 10.3675     9.01400233E-001
 10.3725     9.12653506E-001
 10.3775     9.23925494E-001
 10.3825     9.35263098E-001
 10.3875     9.46514522E-001
 10.3925     9.57788834E-001
 10.3975     9.69082728E-001
 10.4025     9.80388435E-001
 10.4075     9.91686727E-001
 10.4125     1.00296613E+000
 10.4175     1.01426155E+000
 10.4225     1.02552374E+000
 10.4275     1.03681887E+000
 10.4325     1.04809067E+000
 10.4375     1.05943233E+000
 10.4425     1.07072569E+000
 10.4475     1.08199964E+000
 10.4525     1.09331863E+000
 10.4575     1.10454864E+000
 10.4625     1.11586753E+000
 10.4675     1.12714470E+000
 10.4725     1.13848752E+000
 10.4775     1.14977927E+000
 10.4825     1.16107256E+000
 10.4875     1.17234827E+000
 10.4925     1.18363699E+000
 10.4975     1.19493758E+000
 10.5025     1.20627927E+000
 10.5075     1.21755937E+000
 10.5125     1.22893339E+000
 10.5175     1.24022076E+000
 10.5225     1.25152789E+000
 10.5275     1.26286734E+000
 10.5325     1.27418991E+000
 10.5375     1.28543589E+000
 10.5425     1.29678775E+000
 10.5475     1.30806482E+000
 10.5525     1.31933921E+000
 10.5575     1.33067339E+000
 10.5625     1.34194886E+000
 10.5675     1.35324862E+000
 10.5725     1.36458210E+000
 10.5775     1.37595814E+000
 10.5825     1.38726375E+000
 10.5875     1.39858208E+000
 10.5925     1.40989860E+000
 10.5975     1.42122058E+000
 10.6025     1.43253243E+000
 10.6075     1.44387720E+000
 10.6125     1.45520628E+000
 10.6175     1.46651463E+000
 10.6225     1.47785462E+000
 10.6275     1.48920418E+000
 10.6325     1.50048921E+000
 10.6375     1.51183068E+000
 10.6425     1.52318291E+000
 10.6475     1.53449174E+000
 10.6525     1.54584533E+000
 10.6575     1.55718929E+000
 10.6625     1.56856154E+000
 10.6675     1.57988338E+000
 10.6725     1.59122734E+000
 10.6775     1.60256888E+000
 10.6825     1.61390948E+000
 10.6875     1.62521905E+000
 10.6925     1.63659607E+000
 10.6975     1.64790859E+000
 10.7025     1.65921164E+000
 10.7075     1.67063437E+000
 10.7125     1.68200411E+000
 10.7175     1.69332908E+000
 10.7225     1.70476044E+000
 10.7275     1.71607617E+000
 10.7325     1.72739101E+000
 10.7375     1.73877325E+000
 10.7425     1.75007035E+000
 10.7475     1.76136568E+000
 10.7525     1.77270222E+000
 10.7575     1.78391947E+000
 10.7625     1.79526807E+000
 10.7675     1.80652252E+000
 10.7725     1.81778983E+000
 10.7775     1.82910755E+000
 10.7825     1.84036602E+000
 10.7875     1.85158493E+000
 10.7925     1.86283687E+000
 10.7975     1.87411297E+000
 10.8025     1.88537496E+000
 10.8075     1.89662676E+000
 10.8125     1.90789621E+000
 10.8175     1.91919583E+000
 10.8225     1.93044164E+000
 10.8275     1.94169131E+000
 10.8325     1.95297142E+000
 10.8375     1.96423511E+000
 10.8425     1.97550927E+000
 10.8475     1.98676698E+000
 10.8525     1.99805350E+000
 10.8575     2.00931225E+000
 10.8625     2.02062160E+000
 10.8675     2.03189491E+000
 10.8725     2.04314456E+000
 10.8775     2.05441150E+000
 10.8825     2.06569068E+000
 10.8875     2.07696299E+000
 10.8925     2.08823470E+000
 10.8975     2.09953153E+000
 10.9025     2.11075757E+000
 10.9075     2.12205984E+000
 10.9125     2.13329042E+000
 10.9175     2.14454463E+000
 10.9225     2.15584103E+000
 10.9275     2.16708761E+000
 10.9325     2.17838049E+000
 10.9375     2.18963367E+000
 10.9425     2.20092271E+000
 10.9475     2.21219444E+000
 10.9525     2.22347901E+000
 10.9575     2.23474508E+000
 10.9625     2.24599749E+000
 10.9675     2.25727377E+000
 10.9725     2.26852736E+000
 10.9775     2.27974061E+000
 10.9825     2.29101741E+000
 10.9875     2.30229168E+000
 10.9925     2.31348113E+000
 10.9975     2.32477050E+000
 11.0025     2.33592805E+000
 11.0075     2.34728835E+000
 11.0125     2.35853507E+000
 11.0175     2.36983509E+000
 11.0225     2.38104906E+000
 11.0275     2.39230991E+000
 11.0325     2.40358217E+000
 11.0375     2.41490640E+000
 11.0425     2.42613877E+000
 11.0475     2.43744711E+000
 11.0525     2.44870782E+000
 11.0575     2.46001859E+000
 11.0625     2.47124279E+000
 11.0675     2.48246215E+000
 11.0725     2.49379198E+000
 11.0775     2.50506514E+000
 11.0825     2.51635737E+000
 11.0875     2.52762924E+000
 11.0925     2.53887852E+000
 11.0975     2.55011109E+000
 11.1025     2.56135555E+000
 11.1075     2.57265781E+000
 11.1125     2.58395836E+000
 11.1175     2.59519160E+000
 11.1225     2.60645488E+000
 11.1275     2.61771826E+000
 11.1325     2.62904446E+000
 11.1375     2.64026637E+000
 11.1425     2.65150016E+000
 11.1475     2.66286004E+000
 11.1525     2.67412660E+000
 11.1575     2.68531192E+000
 11.1625     2.69659043E+000
 11.1675     2.70793802E+000
 11.1725     2.71919070E+000
 11.1775     2.73048272E+000
 11.1825     2.74172552E+000
 11.1875     2.75303304E+000
 11.1925     2.76427446E+000
 11.1975     2.77560567E+000
 11.2025     2.78683602E+000
 11.2075     2.79816326E+000
 11.2125     2.80942146E+000
 11.2175     2.82076394E+000
 11.2225     2.83198696E+000
 11.2275     2.84322063E+000
 11.2325     2.85454136E+000
 11.2375     2.86579771E+000
 11.2425     2.87714004E+000
 11.2475     2.88843780E+000
 11.2525     2.89971226E+000
 11.2575     2.91097536E+000
 11.2625     2.92224137E+000
 11.2675     2.93353201E+000
 11.2725     2.94480442E+000
 11.2775     2.95614536E+000
 11.2825     2.96741012E+000
 11.2875     2.97868099E+000
 11.2925     2.99003383E+000
 11.2975     3.00124533E+000
 11.3025     3.01259659E+000
 11.3075     3.02389127E+000
 11.3125     3.03521546E+000
 11.3175     3.04648294E+000
 11.3225     3.05783996E+000
 11.3275     3.06916566E+000
 11.3325     3.08041661E+000
 11.3375     3.09170960E+000
 11.3425     3.10303036E+000
 11.3475     3.11431554E+000
 11.3525     3.12563153E+000
 11.3575     3.13690183E+000
 11.3625     3.14817466E+000
 11.3675     3.15947650E+000
 11.3725     3.17072983E+000
 11.3775     3.18198302E+000
 11.3825     3.19329003E+000
 11.3875     3.20450533E+000
 11.3925     3.21580879E+000
 11.3975     3.22708442E+000
 11.4025     3.23830232E+000
 11.4075     3.24955613E+000
 11.4125     3.26087615E+000
 11.4175     3.27211114E+000
 11.4225     3.28333330E+000
 11.4275     3.29463428E+000
 11.4325     3.30589347E+000
 11.4375     3.31711811E+000
 11.4425     3.32838987E+000
 11.4475     3.33968269E+000
 11.4525     3.35096246E+000
 11.4575     3.36222250E+000
 11.4625     3.37347461E+000
 11.4675     3.38468915E+000
 11.4725     3.39599933E+000
 11.4775     3.40722224E+000
 11.4825     3.41843349E+000
 11.4875     3.42965711E+000
 11.4925     3.44089994E+000
 11.4975     3.45220624E+000
 11.5025     3.46332043E+000
 11.5075     3.47458477E+000
 11.5125     3.48581750E+000
 11.5175     3.49706526E+000
 11.5225     3.50835517E+000
 11.5275     3.51967084E+000
 11.5325     3.53095805E+000
 11.5375     3.54227019E+000
 11.5425     3.55345890E+000
 11.5475     3.56476558E+000
 11.5525     3.57597390E+000
 11.5575     3.58725149E+000
 11.5625     3.59855244E+000
 11.5675     3.60974566E+000
 11.5725     3.62106082E+000
 11.5775     3.63231242E+000
 11.5825     3.64360668E+000
 11.5875     3.65484254E+000
 11.5925     3.66614412E+000
 11.5975     3.67741255E+000
 11.6025     3.68868092E+000
 11.6075     3.69992418E+000
 11.6125     3.71118095E+000
 11.6175     3.72245483E+000
 11.6225     3.73375625E+000
 11.6275     3.74500012E+000
 11.6325     3.75627592E+000
 11.6375     3.76754862E+000
 11.6425     3.77888558E+000
 11.6475     3.79005591E+000
 11.6525     3.80130591E+000
 11.6575     3.81259327E+000
 11.6625     3.82383361E+000
 11.6675     3.83513986E+000
 11.6725     3.84635104E+000
 11.6775     3.85763791E+000
 11.6825     3.86889727E+000
 11.6875     3.88009370E+000
 11.6925     3.89139074E+000
 11.6975     3.90271903E+000
 11.7025     3.91390253E+000
 11.7075     3.92514665E+000
 11.7125     3.93636400E+000
 11.7175     3.94766368E+000
 11.7225     3.95888257E+000
 11.7275     3.97010604E+000
 11.7325     3.98143189E+000
 11.7375     3.99277070E+000
 11.7425     4.00397081E+000
 11.7475     4.01525381E+000
 11.7525     4.02654631E+000
 11.7575     4.03787947E+000
 11.7625     4.04907114E+000
 11.7675     4.06038030E+000
 11.7725     4.07164541E+000
 11.7775     4.08290117E+000
 11.7825     4.09428067E+000
 11.7875     4.10566322E+000
 11.7925     4.11689089E+000
 11.7975     4.12828851E+000
 11.8025     4.13957447E+000
 11.8075     4.15089464E+000
 11.8125     4.16215243E+000
 11.8175     4.17340609E+000
 11.8225     4.18478875E+000
 11.8275     4.19602956E+000
 11.8325     4.20741171E+000
 11.8375     4.21869891E+000
 11.8425     4.22995320E+000
 11.8475     4.24127065E+000
 11.8525     4.25259418E+000
 11.8575     4.26386608E+000
 11.8625     4.27515441E+000
 11.8675     4.28643327E+000
 11.8725     4.29772316E+000
 11.8775     4.30902460E+000
 11.8825     4.32037977E+000
 11.8875     4.33160418E+000
 11.8925     4.34285886E+000
 11.8975     4.35418081E+000
 11.9025     4.36549008E+000
 11.9075     4.37674593E+000
 11.9125     4.38802613E+000
 11.9175     4.39931241E+000
 11.9225     4.41067568E+000
 11.9275     4.42185360E+000
 11.9325     4.43315213E+000
 11.9375     4.44440457E+000
 11.9425     4.45568088E+000
 11.9475     4.46697782E+000
 11.9525     4.47827782E+000
 11.9575     4.48962295E+000
 11.9625     4.50087108E+000
 11.9675     4.51213725E+000
 11.9725     4.52350109E+000
 11.9775     4.53470645E+000
 11.9825     4.54594844E+000
 11.9875     4.55719056E+000
 11.9925     4.56847676E+000
 11.9975     4.57972248E+000
 12.0025     4.59103725E+000
 12.0075     4.60231210E+000
 12.0125     4.61352137E+000
 12.0175     4.62476654E+000
 12.0225     4.63601058E+000
 12.0275     4.64736821E+000
 12.0325     4.65859700E+000
 12.0375     4.66988717E+000
 12.0425     4.68115844E+000
 12.0475     4.69236798E+000
 12.0525     4.70366612E+000
 12.0575     4.71492059E+000
 12.0625     4.72616556E+000
 12.0675     4.73740271E+000
 12.0725     4.74867705E+000
 12.0775     4.75998606E+000
 12.0825     4.77119738E+000
 12.0875     4.78244720E+000
 12.0925     4.79378449E+000
 12.0975     4.80506564E+000
 12.1025     4.81621159E+000
 12.1075     4.82752592E+000
 12.1125     4.83882164E+000
 12.1175     4.85010850E+000
 12.1225     4.86126335E+000
 12.1275     4.87254236E+000
 12.1325     4.88378141E+000
 12.1375     4.89505681E+000
 12.1425     4.90640653E+000
 12.1475     4.91760110E+000
 12.1525     4.92894294E+000
 12.1575     4.94018287E+000
 12.1625     4.95142949E+000
 12.1675     4.96269384E+000
 12.1725     4.97389921E+000
 12.1775     4.98515656E+000
 12.1825     4.99643270E+000
 12.1875     5.00768923E+000
 12.1925     5.01900263E+000
 12.1975     5.03024265E+000
 12.2025     5.04149245E+000
 12.2075     5.05275212E+000
 12.2125     5.06410127E+000
 12.2175     5.07530282E+000
 12.2225     5.08657690E+000
 12.2275     5.09785094E+000
 12.2325     5.10914648E+000
 12.2375     5.12045200E+000
 12.2425     5.13189115E+000
 12.2475     5.14319521E+000
 12.2525     5.15465711E+000
 12.2575     5.16598435E+000
 12.2625     5.17741339E+000
 12.2675     5.18880114E+000
 12.2725     5.20024397E+000
 12.2775     5.21169009E+000
 12.2825     5.22305379E+000
 12.2875     5.23453208E+000
 12.2925     5.24587905E+000
 12.2975     5.25733443E+000
 12.3025     5.26876115E+000
 12.3075     5.28019588E+000
 12.3125     5.29165964E+000
 12.3175     5.30306879E+000
 12.3225     5.31455649E+000
 12.3275     5.32588435E+000
 12.3325     5.33735499E+000
 12.3375     5.34870791E+000
 12.3425     5.36023727E+000
 12.3475     5.37161497E+000
 12.3525     5.38303702E+000
 12.3575     5.39450844E+000
 12.3625     5.40595687E+000
 12.3675     5.41734096E+000
 12.3725     5.42883035E+000
 12.3775     5.44020512E+000
 12.3825     5.45161891E+000
 12.3875     5.46306163E+000
 12.3925     5.47442207E+000
 12.3975     5.48586028E+000
 12.4025     5.49726109E+000
 12.4075     5.50870596E+000
 12.4125     5.52014946E+000
 12.4175     5.53147068E+000
 12.4225     5.54293035E+000
 12.4275     5.55433397E+000
 12.4325     5.56583148E+000
 12.4375     5.57728557E+000
 12.4425     5.58868604E+000
 12.4475     5.60016618E+000
 12.4525     5.61152314E+000
 12.4575     5.62297283E+000
 12.4625     5.63433188E+000
 12.4675     5.64580554E+000
 12.4725     5.65723578E+000
 12.4775     5.66863499E+000
 12.4825     5.68002727E+000
 12.4875     5.69140535E+000
 12.4925     5.70264780E+000
 12.4975     5.71397418E+000
 12.5025     5.72529913E+000
 12.5075     5.73659131E+000
 12.5125     5.74788560E+000
 12.5175     5.75911460E+000
 12.5225     5.77027570E+000
 12.5275     5.78160515E+000
 12.5325     5.79285681E+000
 12.5375     5.80408631E+000
 12.5425     5.81538615E+000
 12.5475     5.82658311E+000
 12.5525     5.83792658E+000
 12.5575     5.84914245E+000
 12.5625     5.86046953E+000
 12.5675     5.87168324E+000
 12.5725     5.88294949E+000
 12.5775     5.89427558E+000
 12.5825     5.90552559E+000
 12.5875     5.91676533E+000
 12.5925     5.92801021E+000
 12.5975     5.93933914E+000
 12.6025     5.95065259E+000
 12.6075     5.96187103E+000
 12.6125     5.97320049E+000
 12.6175     5.98443665E+000
 12.6225     5.99574411E+000
 12.6275     6.00699918E+000
 12.6325     6.01822637E+000
 12.6375     6.02955705E+000
 12.6425     6.04077456E+000
 12.6475     6.05213787E+000
 12.6525     6.06344401E+000
 12.6575     6.07471875E+000
 12.6625     6.08596864E+000
 12.6675     6.09727461E+000
 12.6725     6.10853530E+000
 12.6775     6.11978943E+000
 12.6825     6.13118890E+000
 12.6875     6.14244139E+000
 12.6925     6.15371079E+000
 12.6975     6.16501102E+000
 12.7025     6.17635538E+000
 12.7075     6.18769139E+000
 12.7125     6.19903188E+000
 12.7175     6.21039898E+000
 12.7225     6.22157806E+000
 12.7275     6.23297277E+000
 12.7325     6.24422801E+000
 12.7375     6.25548236E+000
 12.7425     6.26692474E+000
 12.7475     6.27800323E+000
 12.7525     6.28936790E+000
 12.7575     6.30061388E+000
 12.7625     6.31186143E+000
 12.7675     6.32312435E+000
 12.7725     6.33434914E+000
 12.7775     6.34566928E+000
 12.7825     6.35688752E+000
 12.7875     6.36812403E+000
 12.7925     6.37940563E+000
 12.7975     6.39067358E+000
 12.8025     6.40187937E+000
 12.8075     6.41312357E+000
 12.8125     6.42445295E+000
 12.8175     6.43566350E+000
 12.8225     6.44685411E+000
 12.8275     6.45812728E+000
 12.8325     6.46934651E+000
 12.8375     6.48051896E+000
 12.8425     6.49181969E+000
 12.8475     6.50308785E+000
 12.8525     6.51433241E+000
 12.8575     6.52562458E+000
 12.8625     6.53687910E+000
 12.8675     6.54814041E+000
 12.8725     6.55947583E+000
 12.8775     6.57073956E+000
 12.8825     6.58200441E+000
 12.8875     6.59328701E+000
 12.8925     6.60460248E+000
 12.8975     6.61581628E+000
 12.9025     6.62716202E+000
 12.9075     6.63846186E+000
 12.9125     6.64962188E+000
 12.9175     6.66104868E+000
 12.9225     6.67229001E+000
 12.9275     6.68354033E+000
 12.9325     6.69489026E+000
 12.9375     6.70612974E+000
 12.9425     6.71745061E+000
 12.9475     6.72875664E+000
 12.9525     6.74004273E+000
 12.9575     6.75148026E+000
 12.9625     6.76273874E+000
 12.9675     6.77405528E+000
 12.9725     6.78526596E+000
 12.9775     6.79658935E+000
 12.9825     6.80785849E+000
 12.9875     6.81917362E+000
 12.9925     6.83031199E+000
 12.9975     6.84175550E+000
 13.0025     6.85293544E+000
 13.0075     6.86424674E+000
 13.0125     6.87552294E+000
 13.0175     6.88677925E+000
 13.0225     6.89801788E+000
 13.0275     6.90922939E+000
 13.0325     6.92056285E+000
 13.0375     6.93185166E+000
 13.0425     6.94298126E+000
 13.0475     6.95431799E+000
 13.0525     6.96553078E+000
 13.0575     6.97675861E+000
 13.0625     6.98791662E+000
 13.0675     6.99926673E+000
 13.0725     7.01045854E+000
 13.0775     7.02170987E+000
 13.0825     7.03292162E+000
 13.0875     7.04414021E+000
 13.0925     7.05542931E+000
 13.0975     7.06667115E+000
 13.1025     7.07798776E+000
 13.1075     7.08926459E+000
 13.1125     7.10044663E+000
 13.1175     7.11179653E+000
 13.1225     7.12298471E+000
 13.1275     7.13428228E+000
 13.1325     7.14551810E+000
 13.1375     7.15674533E+000
 13.1425     7.16809456E+000
 13.1475     7.17938768E+000
 13.1525     7.19068738E+000
 13.1575     7.20198416E+000
 13.1625     7.21324392E+000
 13.1675     7.22447061E+000
 13.1725     7.23574491E+000
 13.1775     7.24698436E+000
 13.1825     7.25830653E+000
 13.1875     7.26949235E+000
 13.1925     7.28077323E+000
 13.1975     7.29208996E+000
 13.2025     7.30330536E+000
 13.2075     7.31460751E+000
 13.2125     7.32585911E+000
 13.2175     7.33709862E+000
 13.2225     7.34845116E+000
 13.2275     7.35973524E+000
 13.2325     7.37104211E+000
 13.2375     7.38240258E+000
 13.2425     7.39382990E+000
 13.2475     7.40515050E+000
 13.2525     7.41633107E+000
 13.2575     7.42777073E+000
 13.2625     7.43915338E+000
 13.2675     7.45054055E+000
 13.2725     7.46196696E+000
 13.2775     7.47346454E+000
 13.2825     7.48482151E+000
 13.2875     7.49625529E+000
 13.2925     7.50755385E+000
 13.2975     7.51888375E+000
 13.3025     7.53046402E+000
 13.3075     7.54177583E+000
 13.3125     7.55322144E+000
 13.3175     7.56450502E+000
 13.3225     7.57597187E+000
 13.3275     7.58738755E+000
 13.3325     7.59887541E+000
 13.3375     7.61030140E+000
 13.3425     7.62160695E+000
 13.3475     7.63303477E+000
 13.3525     7.64449984E+000
 13.3575     7.65590132E+000
 13.3625     7.66716518E+000
 13.3675     7.67862235E+000
 13.3725     7.69004786E+000
 13.3775     7.70144476E+000
 13.3825     7.71288866E+000
 13.3875     7.72436891E+000
 13.3925     7.73584542E+000
 13.3975     7.74725431E+000
 13.4025     7.75857113E+000
 13.4075     7.77000600E+000
 13.4125     7.78148612E+000
 13.4175     7.79283984E+000
 13.4225     7.80427131E+000
 13.4275     7.81572354E+000
 13.4325     7.82712684E+000
 13.4375     7.83843877E+000
 13.4425     7.84997699E+000
 13.4475     7.86140227E+000
 13.4525     7.87271881E+000
 13.4575     7.88428005E+000
 13.4625     7.89563269E+000
 13.4675     7.90705825E+000
 13.4725     7.91864562E+000
 13.4775     7.93010464E+000
 13.4825     7.94149446E+000
 13.4875     7.95303794E+000
 13.4925     7.96459686E+000
 13.4975     7.97612170E+000
 13.5025     7.98742708E+000
 13.5075     7.99896943E+000
 13.5125     8.01044655E+000
 13.5175     8.02189369E+000
 13.5225     8.03338515E+000
 13.5275     8.04496228E+000
 13.5325     8.05646229E+000
 13.5375     8.06796127E+000
 13.5425     8.07956059E+000
 13.5475     8.09092829E+000
 13.5525     8.10240815E+000
 13.5575     8.11399964E+000
 13.5625     8.12551506E+000
 13.5675     8.13706277E+000
 13.5725     8.14845143E+000
 13.5775     8.15993665E+000
 13.5825     8.17148621E+000
 13.5875     8.18297009E+000
 13.5925     8.19445539E+000
 13.5975     8.20603903E+000
 13.6025     8.21756615E+000
 13.6075     8.22910830E+000
 13.6125     8.24054778E+000
 13.6175     8.25213872E+000
 13.6225     8.26369242E+000
 13.6275     8.27519025E+000
 13.6325     8.28681158E+000
 13.6375     8.29830495E+000
 13.6425     8.30985063E+000
 13.6475     8.32152424E+000
 13.6525     8.33302626E+000
 13.6575     8.34447344E+000
 13.6625     8.35607970E+000
 13.6675     8.36764911E+000
 13.6725     8.37926062E+000
 13.6775     8.39067315E+000
 13.6825     8.40213955E+000
 13.6875     8.41368748E+000
 13.6925     8.42518984E+000
 13.6975     8.43675434E+000
 13.7025     8.44834677E+000
 13.7075     8.45988901E+000
 13.7125     8.47166672E+000
 13.7175     8.48323797E+000
 13.7225     8.49502823E+000
 13.7275     8.50649741E+000
 13.7325     8.51793810E+000
 13.7375     8.52969074E+000
 13.7425     8.54129481E+000
 13.7475     8.55286627E+000
 13.7525     8.56465203E+000
 13.7575     8.57636966E+000
 13.7625     8.58807220E+000
 13.7675     8.59948759E+000
 13.7725     8.61092122E+000
 13.7775     8.62294617E+000
 13.7825     8.63421460E+000
 13.7875     8.64637571E+000
 13.7925     8.65858826E+000
 13.7975     8.66961578E+000
 13.8025     8.68155392E+000
 13.8075     8.69308406E+000
 13.8125     8.70371769E+000
 13.8175     8.71561549E+000
 13.8225     8.72628814E+000
 13.8275     8.73818472E+000
 13.8325     8.75065564E+000
 13.8375     8.76119086E+000
 13.8425     8.77244937E+000
 13.8475     8.78597490E+000
 13.8525     8.79913422E+000
 13.8575     8.81002976E+000
 13.8625     8.81821733E+000
 13.8675     8.83390866E+000
 13.8725     8.84315904E+000
 13.8775     8.85449431E+000
 13.8825     8.86467121E+000
 13.8875     8.88010143E+000
 13.8925     8.89615484E+000
 13.8975     8.90552285E+000
 13.9025     8.91841454E+000
 13.9075     8.92955954E+000
 13.9125     8.95024504E+000
