  0.0003                   0
  0.0008                   0
  0.0013                   0
  0.0018                   0
  0.0023                   0
  0.0027                   0
  0.0033                   0
  0.0037                   0
  0.0043                   0
  0.0048                   0
  0.0052                   0
  0.0057                   0
  0.0063                   0
  0.0068                   0
  0.0072                   0
  0.0077                   0
  0.0083                   0
  0.0088                   0
  0.0093                   0
  0.0097                   0
  0.0103                   0
  0.0107                   0
  0.0112                   0
  0.0118                   0
  0.0123                   0
  0.0128                   0
  0.0133                   0
  0.0138                   0
  0.0143                   0
  0.0147                   0
  0.0152                   0
  0.0158                   0
  0.0163                   0
  0.0168                   0
  0.0173                   0
  0.0178                   0
  0.0183                   0
  0.0187                   0
  0.0192                   0
  0.0198                   0
  0.0203                   0
  0.0208                   0
  0.0213                   0
  0.0217                   0
  0.0222                   0
  0.0227                   0
  0.0232                   0
  0.0238                   0
  0.0243                   0
  0.0248                   0
  0.0253                   0
  0.0258                   0
  0.0263                   0
  0.0267                   0
  0.0272                   0
  0.0278                   0
  0.0283                   0
  0.0288                   0
  0.0293                   0
  0.0297                   0
  0.0302                   0
  0.0307                   0
  0.0313                   0
  0.0318                   0
  0.0323                   0
  0.0328                   0
  0.0333                   0
  0.0338                   0
  0.0343                   0
  0.0348                   0
  0.0353                   0
  0.0358                   0
  0.0363                   0
  0.0367                   0
  0.0372                   0
  0.0377                   0
  0.0382                   0
  0.0387                   0
  0.0393                   0
  0.0398                   0
  0.0403                   0
  0.0408                   0
  0.0413                   0
  0.0418                   0
  0.0423                   0
  0.0428                   0
  0.0433                   0
  0.0437                   0
  0.0442                   0
  0.0447                   0
  0.0452                   0
  0.0457                   0
  0.0462                   0
  0.0467                   0
  0.0473                   0
  0.0478                   1
  0.0483                   0
  0.0488                   0
  0.0493                   0
  0.0498                   7
  0.0503                  20
  0.0508                  35
  0.0513                  53
  0.0518                 103
  0.0523                 140
  0.0527                 183
  0.0532                 235
  0.0537                 278
  0.0542                 402
  0.0548                 670
  0.0553                 853
  0.0558                1191
  0.0563                1731
  0.0568                2159
  0.0573                2948
  0.0578                4290
  0.0583                5774
  0.0588                8166
  0.0593               11085
  0.0597               14829
  0.0602               19997
  0.0607               27445
  0.0612               35975
  0.0617               48597
  0.0622               65372
  0.0628               86352
  0.0633              113919
  0.0638              150281
  0.0643              196205
  0.0648              258902
  0.0653              333520
  0.0658              433888
  0.0663              558426
  0.0668              712149
  0.0673              909093
  0.0678             1151792
  0.0683             1452802
  0.0688             1823427
  0.0693             2276609
  0.0698             2827783
  0.0703             3491171
  0.0708             4300849
  0.0713             5258517
  0.0718             6406550
  0.0723             7766692
  0.0727             9345160
  0.0732            11194793
  0.0737            13381305
  0.0742            15896659
  0.0747            18760687
  0.0752            22072096
  0.0757            25834171
  0.0762            30065495
  0.0767            34843481
  0.0772            40168498
  0.0777            46041099
  0.0783            52545347
  0.0788            59684994
  0.0793            67442594
  0.0798            75818908
  0.0803            84771779
  0.0808            94380594
  0.0813           104533842
  0.0818           115150031
  0.0823           126283945
  0.0828           137780107
  0.0833           149550016
  0.0838           161549139
  0.0843           173631204
  0.0848           185661340
  0.0853           197538081
  0.0858           209201316
  0.0863           220405471
  0.0868           230989779
  0.0873           240924504
  0.0877           250020278
  0.0882           258250527
  0.0887           265304829
  0.0892           271279149
  0.0897           275956025
  0.0902           279353507
  0.0907           281371903
  0.0912           281954028
  0.0917           281224342
  0.0922           278926829
  0.0927           275448988
  0.0932           270582484
  0.0938           264489054
  0.0943           257180314
  0.0948           248917249
  0.0953           239682549
  0.0958           229613571
  0.0963           218933622
  0.0968           207713548
  0.0973           196009284
  0.0978           184067633
  0.0983           172019623
  0.0988           159946514
  0.0993           147970268
  0.0998           136222128
  0.1003           124772833
  0.1008           113728905
  0.1013           103149442
  0.1018            93072566
  0.1023            83512281
  0.1028            74652324
  0.1033            66341274
  0.1038            58693174
  0.1043            51634207
  0.1047            45229335
  0.1052            39423518
  0.1057            34170826
  0.1062            29489185
  0.1067            25294123
  0.1072            21615281
  0.1077            18373949
  0.1082            15538416
  0.1087            13068864
  0.1092            10938738
  0.1098             9109591
  0.1103             7555412
  0.1108             6229209
  0.1113             5110638
  0.1118             4171062
  0.1123             3388564
  0.1128             2740533
  0.1133             2201743
  0.1138             1764579
  0.1143             1406898
  0.1148             1113126
  0.1153              880506
  0.1158              689255
  0.1163              539289
  0.1168              418012
  0.1173              324772
  0.1178              247387
  0.1183              190603
  0.1188              144486
  0.1193              109687
  0.1197               82335
  0.1202               62663
  0.1207               47071
  0.1212               34437
  0.1217               25183
  0.1222               18775
  0.1227               13821
  0.1232                9774
  0.1237                7218
  0.1242                5071
  0.1247                3947
  0.1253                2674
  0.1258                1861
  0.1263                1367
  0.1268                1005
  0.1273                 685
  0.1278                 467
  0.1283                 289
  0.1288                 184
  0.1293                 154
  0.1298                 100
  0.1303                  58
  0.1308                  37
  0.1313                  26
  0.1318                  22
  0.1323                  11
  0.1328                   6
  0.1333                   9
  0.1338                   2
  0.1343                   3
  0.1348                   4
  0.1353                   0
  0.1358                   1
  0.1363                   0
  0.1368                   0
  0.1373                   0
  0.1378                   0
  0.1383                   0
  0.1388                   0
  0.1393                   0
  0.1398                   0
  0.1403                   0
  0.1408                   0
  0.1413                   0
  0.1418                   0
  0.1423                   0
  0.1428                   0
  0.1433                   0
  0.1438                   0
  0.1442                   0
  0.1447                   0
  0.1452                   0
  0.1457                   0
  0.1462                   0
  0.1467                   0
  0.1472                   0
  0.1477                   0
  0.1482                   0
  0.1487                   0
  0.1492                   0
  0.1497                   0
  0.1502                   0
  0.1507                   0
  0.1512                   0
  0.1517                   0
  0.1522                   0
  0.1527                   0
  0.1532                   0
  0.1537                   0
  0.1542                   0
  0.1547                   0
  0.1552                   0
  0.1557                   0
  0.1563                   0
  0.1568                   0
  0.1573                   0
  0.1578                   0
  0.1583                   0
  0.1588                   0
  0.1593                   0
  0.1598                   0
  0.1603                   0
  0.1608                   0
  0.1613                   0
  0.1618                   0
  0.1623                   0
  0.1628                   0
  0.1633                   0
  0.1638                   0
  0.1643                   0
  0.1648                   0
  0.1653                   0
  0.1658                   0
  0.1663                   0
  0.1668                   0
  0.1673                   0
  0.1678                   0
  0.1683                   0
  0.1688                   0
  0.1693                   0
  0.1698                   0
  0.1703                   0
  0.1708                   0
  0.1713                   0
  0.1718                   0
  0.1723                   0
  0.1728                   0
  0.1733                   0
  0.1738                   0
  0.1743                   0
  0.1748                   0
  0.1753                   0
  0.1758                   0
  0.1762                   0
  0.1767                   0
  0.1772                   0
  0.1777                   0
  0.1782                   0
  0.1787                   0
  0.1792                   0
  0.1797                   0
  0.1802                   0
  0.1807                   0
  0.1812                   0
  0.1817                   0
  0.1822                   0
  0.1827                   0
  0.1832                   0
  0.1837                   0
  0.1842                   0
  0.1847                   0
  0.1852                   0
  0.1857                   0
  0.1862                   0
  0.1867                   0
  0.1872                   0
  0.1878                   0
  0.1883                   0
  0.1888                   0
  0.1893                   0
  0.1898                   0
  0.1903                   0
  0.1908                   0
  0.1913                   0
  0.1918                   0
  0.1923                   0
  0.1928                   0
  0.1933                   0
  0.1938                   0
  0.1943                   0
  0.1948                   0
  0.1953                   0
  0.1958                   0
  0.1963                   0
  0.1968                   0
  0.1973                   0
  0.1978                   0
  0.1983                   0
  0.1988                   0
  0.1993                   0
  0.1998                   0
  0.2003                   0
  0.2008                   0
  0.2013                   0
  0.2018                   0
  0.2023                   0
  0.2028                   0
  0.2033                   0
  0.2038                   0
  0.2043                   0
  0.2048                   0
  0.2053                   0
  0.2058                   0
  0.2063                   0
  0.2068                   0
  0.2073                   0
  0.2078                   0
  0.2082                   0
  0.2087                   0
  0.2092                   0
  0.2097                   0
  0.2102                   0
  0.2107                   0
  0.2112                   0
  0.2117                   0
  0.2122                   0
  0.2127                   0
  0.2132                   0
  0.2137                   0
  0.2142                   0
  0.2147                   0
  0.2152                   0
  0.2157                   0
  0.2162                   0
  0.2167                   0
  0.2172                   0
  0.2177                   0
  0.2182                   0
  0.2188                   0
  0.2193                   0
  0.2198                   0
  0.2203                   0
  0.2208                   0
  0.2213                   0
  0.2218                   0
  0.2223                   0
  0.2228                   0
  0.2233                   0
  0.2238                   0
  0.2243                   0
  0.2248                   0
  0.2253                   0
  0.2258                   0
  0.2263                   0
  0.2268                   0
  0.2273                   0
  0.2278                   0
  0.2283                   0
  0.2288                   0
  0.2293                   0
  0.2298                   0
  0.2303                   0
  0.2308                   0
  0.2313                   0
  0.2318                   0
  0.2323                   0
  0.2328                   0
  0.2333                   0
  0.2338                   0
  0.2343                   0
  0.2348                   0
  0.2353                   0
  0.2358                   0
  0.2363                   0
  0.2368                   0
  0.2373                   0
  0.2378                   0
  0.2383                   0
  0.2388                   0
  0.2393                   0
  0.2398                   0
  0.2402                   0
  0.2407                   0
  0.2412                   0
  0.2417                   0
  0.2422                   0
  0.2427                   0
  0.2432                   0
  0.2437                   0
  0.2442                   0
  0.2447                   0
  0.2452                   0
  0.2457                   0
  0.2462                   0
  0.2467                   0
  0.2472                   0
  0.2477                   0
  0.2482                   0
  0.2487                   0
  0.2492                   0
  0.2497                   0
  0.2502                   0
  0.2508                   0
  0.2512                   0
  0.2518                   0
  0.2522                   0
  0.2528                   0
  0.2532                   0
  0.2538                   0
  0.2542                   0
  0.2548                   0
  0.2552                   0
  0.2558                   0
  0.2562                   0
  0.2568                   0
  0.2572                   0
  0.2578                   0
  0.2582                   0
  0.2588                   0
  0.2592                   0
  0.2598                   0
  0.2602                   0
  0.2608                   0
  0.2612                   0
  0.2618                   0
  0.2622                   0
  0.2628                   0
  0.2632                   0
  0.2638                   0
  0.2642                   0
  0.2648                   0
  0.2652                   0
  0.2658                   0
  0.2662                   0
  0.2668                   0
  0.2672                   0
  0.2678                   0
  0.2682                   0
  0.2688                   0
  0.2692                   0
  0.2698                   0
  0.2702                   0
  0.2708                   0
  0.2712                   0
  0.2718                   0
  0.2722                   0
  0.2728                   0
  0.2732                   0
  0.2738                   0
  0.2742                   0
  0.2748                   0
  0.2752                   0
  0.2758                   0
  0.2762                   0
  0.2768                   0
  0.2772                   0
  0.2778                   0
  0.2782                   0
  0.2788                   0
  0.2792                   0
  0.2798                   0
  0.2802                   0
  0.2808                   0
  0.2813                   0
  0.2818                   0
  0.2823                   0
  0.2828                   0
  0.2833                   0
  0.2838                   0
  0.2843                   0
  0.2848                   0
  0.2853                   0
  0.2858                   0
  0.2863                   0
  0.2868                   0
  0.2873                   0
  0.2878                   0
  0.2883                   0
  0.2887                   0
  0.2893                   0
  0.2897                   0
  0.2903                   0
  0.2907                   0
  0.2913                   0
  0.2917                   0
  0.2923                   0
  0.2927                   0
  0.2933                   0
  0.2937                   0
  0.2943                   0
  0.2947                   0
  0.2953                   0
  0.2957                   0
  0.2963                   0
  0.2967                   0
  0.2973                   0
  0.2977                   0
  0.2983                   0
  0.2987                   0
  0.2993                   0
  0.2997                   0
  0.3003                   0
  0.3007                   0
  0.3013                   0
  0.3017                   0
  0.3023                   0
  0.3027                   0
  0.3033                   0
  0.3037                   0
  0.3043                   0
  0.3047                   0
  0.3053                   0
  0.3057                   0
  0.3063                   0
  0.3067                   0
  0.3073                   0
  0.3077                   0
  0.3083                   0
  0.3087                   0
  0.3093                   0
  0.3097                   0
  0.3103                   0
  0.3107                   0
  0.3113                   0
  0.3117                   0
  0.3123                   0
  0.3127                   0
  0.3133                   0
  0.3137                   0
  0.3143                   0
  0.3147                   0
  0.3153                   0
  0.3157                   0
  0.3163                   0
  0.3167                   0
  0.3173                   0
  0.3177                   0
  0.3183                   0
  0.3187                   0
  0.3193                   0
  0.3197                   0
  0.3203                   0
  0.3207                   0
  0.3213                   0
  0.3217                   0
  0.3223                   0
  0.3227                   0
  0.3233                   0
  0.3237                   0
  0.3243                   0
  0.3247                   0
  0.3253                   0
  0.3257                   0
  0.3263                   0
  0.3267                   0
  0.3273                   0
  0.3277                   0
  0.3283                   0
  0.3287                   0
  0.3293                   0
  0.3297                   0
  0.3303                   0
  0.3307                   0
  0.3313                   0
  0.3317                   0
  0.3323                   0
  0.3327                   0
  0.3333                   0
  0.3337                   0
  0.3343                   0
  0.3347                   0
  0.3353                   0
  0.3357                   0
  0.3363                   0
  0.3367                   0
  0.3373                   0
  0.3377                   0
  0.3383                   0
  0.3387                   0
  0.3393                   0
  0.3397                   0
  0.3403                   0
  0.3407                   0
  0.3413                   0
  0.3417                   0
  0.3423                   0
  0.3427                   0
  0.3433                   0
  0.3438                   0
  0.3443                   0
  0.3448                   0
  0.3453                   0
  0.3458                   0
  0.3463                   0
  0.3468                   0
  0.3473                   0
  0.3478                   0
  0.3483                   0
  0.3488                   0
  0.3493                   0
  0.3498                   0
  0.3503                   0
  0.3508                   0
  0.3513                   0
  0.3518                   0
  0.3522                   0
  0.3528                   0
  0.3532                   0
  0.3538                   0
  0.3542                   0
  0.3548                   0
  0.3552                   0
  0.3558                   0
  0.3562                   0
  0.3568                   0
  0.3572                   0
  0.3578                   0
  0.3582                   0
  0.3588                   0
  0.3592                   0
  0.3598                   0
  0.3602                   0
  0.3608                   0
  0.3612                   0
  0.3618                   0
  0.3622                   0
  0.3628                   0
  0.3632                   0
  0.3638                   0
  0.3642                   0
  0.3648                   0
  0.3652                   0
  0.3658                   0
  0.3662                   0
  0.3668                   0
  0.3672                   0
  0.3678                   0
  0.3682                   0
  0.3688                   0
  0.3692                   0
  0.3698                   0
  0.3702                   0
  0.3708                   0
  0.3712                   0
  0.3718                   0
  0.3722                   0
  0.3728                   0
  0.3732                   0
  0.3738                   0
  0.3742                   0
  0.3748                   0
  0.3752                   0
  0.3758                   0
  0.3762                   0
  0.3768                   0
  0.3772                   0
  0.3778                   0
  0.3782                   0
  0.3788                   0
  0.3792                   0
  0.3798                   0
  0.3802                   0
  0.3808                   0
  0.3812                   0
  0.3818                   0
  0.3822                   0
  0.3828                   0
  0.3832                   0
  0.3838                   0
  0.3842                   0
  0.3848                   0
  0.3852                   0
  0.3858                   0
  0.3862                   0
  0.3868                   0
  0.3872                   0
  0.3878                   0
  0.3882                   0
  0.3888                   0
  0.3892                   0
  0.3898                   0
  0.3902                   0
  0.3908                   0
  0.3912                   0
  0.3918                   0
  0.3922                   0
  0.3928                   0
  0.3932                   0
  0.3938                   0
  0.3942                   0
  0.3948                   0
  0.3952                   0
  0.3958                   0
  0.3962                   0
  0.3968                   0
  0.3972                   0
  0.3978                   0
  0.3982                   0
  0.3988                   0
  0.3992                   0
  0.3998                   0
  0.4002                   0
  0.4008                   0
  0.4012                   0
  0.4018                   0
  0.4022                   0
  0.4028                   0
  0.4032                   0
  0.4038                   0
  0.4042                   0
  0.4048                   0
  0.4052                   0
  0.4058                   0
  0.4063                   0
  0.4068                   0
  0.4073                   0
  0.4078                   0
  0.4083                   0
  0.4088                   0
  0.4093                   0
  0.4098                   0
  0.4103                   0
  0.4108                   0
  0.4113                   0
  0.4118                   0
  0.4123                   0
  0.4128                   0
  0.4133                   0
  0.4138                   0
  0.4143                   0
  0.4148                   0
  0.4153                   0
  0.4158                   0
  0.4163                   0
  0.4167                   0
  0.4173                   0
  0.4177                   0
  0.4183                   0
  0.4187                   0
  0.4193                   0
  0.4197                   0
  0.4203                   0
  0.4207                   0
  0.4213                   0
  0.4217                   0
  0.4223                   0
  0.4227                   0
  0.4233                   0
  0.4237                   0
  0.4243                   0
  0.4247                   0
  0.4253                   0
  0.4257                   0
  0.4263                   0
  0.4267                   0
  0.4273                   0
  0.4277                   0
  0.4283                   0
  0.4287                   0
  0.4293                   0
  0.4297                   0
  0.4303                   0
  0.4307                   0
  0.4313                   0
  0.4317                   0
  0.4323                   0
  0.4327                   0
  0.4333                   0
  0.4337                   0
  0.4343                   0
  0.4347                   0
  0.4353                   0
  0.4357                   0
  0.4363                   0
  0.4367                   0
  0.4373                   0
  0.4377                   0
  0.4383                   0
  0.4387                   0
  0.4393                   0
  0.4397                   0
  0.4403                   0
  0.4407                   0
  0.4413                   0
  0.4417                   0
  0.4423                   0
  0.4427                   0
  0.4433                   0
  0.4437                   0
  0.4443                   0
  0.4447                   0
  0.4453                   0
  0.4457                   0
  0.4463                   0
  0.4467                   0
  0.4473                   0
  0.4477                   0
  0.4483                   0
  0.4487                   0
  0.4493                   0
  0.4497                   0
  0.4503                   0
  0.4507                   0
  0.4513                   0
  0.4517                   0
  0.4523                   0
  0.4527                   0
  0.4533                   0
  0.4537                   0
  0.4543                   0
  0.4547                   0
  0.4553                   0
  0.4557                   0
  0.4563                   0
  0.4567                   0
  0.4573                   0
  0.4577                   0
  0.4583                   0
  0.4587                   0
  0.4593                   0
  0.4597                   0
  0.4603                   0
  0.4607                   0
  0.4613                   0
  0.4617                   0
  0.4623                   0
  0.4627                   0
  0.4633                   0
  0.4637                   0
  0.4643                   0
  0.4647                   0
  0.4653                   0
  0.4657                   0
  0.4663                   0
  0.4667                   0
  0.4673                   0
  0.4677                   0
  0.4683                   0
  0.4688                   0
  0.4693                   0
  0.4698                   0
  0.4703                   0
  0.4708                   0
  0.4713                   0
  0.4718                   0
  0.4723                   0
  0.4728                   0
  0.4733                   0
  0.4738                   0
  0.4743                   0
  0.4748                   0
  0.4753                   0
  0.4758                   0
  0.4763                   0
  0.4768                   0
  0.4773                   0
  0.4778                   0
  0.4783                   0
  0.4788                   0
  0.4793                   0
  0.4798                   0
  0.4802                   0
  0.4808                   0
  0.4812                   0
  0.4818                   0
  0.4822                   0
  0.4828                   0
  0.4832                   0
  0.4838                   0
  0.4842                   0
  0.4848                   0
  0.4852                   0
  0.4858                   0
  0.4862                   0
  0.4868                   0
  0.4872                   0
  0.4878                   0
  0.4882                   0
  0.4888                   0
  0.4892                   0
  0.4898                   0
  0.4902                   0
  0.4908                   0
  0.4912                   0
  0.4918                   0
  0.4922                   0
  0.4928                   0
  0.4932                   0
  0.4938                   0
  0.4942                   0
  0.4948                   0
  0.4952                   0
  0.4958                   0
  0.4962                   0
  0.4968                   0
  0.4972                   0
  0.4978                   0
  0.4982                   0
  0.4988                   0
  0.4992                   0
  0.4998                   0
  0.5003                   0
  0.5008                   0
  0.5012                   0
  0.5018                   0
  0.5023                   0
  0.5028                   0
  0.5032                   0
  0.5038                   0
  0.5043                   0
  0.5048                   0
  0.5052                   0
  0.5058                   0
  0.5063                   0
  0.5068                   0
  0.5072                   0
  0.5078                   0
  0.5083                   0
  0.5088                   0
  0.5092                   0
  0.5098                   0
  0.5103                   0
  0.5108                   0
  0.5112                   0
  0.5118                   0
  0.5122                   0
  0.5128                   0
  0.5132                   0
  0.5137                   0
  0.5142                   0
  0.5148                   0
  0.5152                   0
  0.5157                   0
  0.5162                   0
  0.5168                   0
  0.5172                   0
  0.5177                   0
  0.5182                   0
  0.5188                   0
  0.5192                   0
  0.5197                   0
  0.5202                   0
  0.5208                   0
  0.5212                   0
  0.5217                   0
  0.5222                   0
  0.5228                   0
  0.5232                   0
  0.5237                   0
  0.5242                   0
  0.5248                   0
  0.5252                   0
  0.5257                   0
  0.5262                   0
  0.5268                   0
  0.5272                   0
  0.5277                   0
  0.5282                   0
  0.5288                   0
  0.5292                   0
  0.5297                   0
  0.5302                   0
  0.5308                   0
  0.5313                   0
  0.5317                   0
  0.5323                   0
  0.5328                   0
  0.5333                   0
  0.5337                   0
  0.5343                   0
  0.5348                   0
  0.5353                   0
  0.5357                   0
  0.5363                   0
  0.5368                   0
  0.5373                   0
  0.5377                   0
  0.5383                   0
  0.5388                   0
  0.5393                   0
  0.5397                   0
  0.5403                   0
  0.5408                   0
  0.5413                   0
  0.5417                   0
  0.5423                   0
  0.5428                   0
  0.5433                   0
  0.5437                   0
  0.5443                   0
  0.5448                   0
  0.5453                   0
  0.5457                   0
  0.5463                   0
  0.5468                   0
  0.5473                   0
  0.5477                   0
  0.5483                   0
  0.5488                   0
  0.5493                   0
  0.5497                   0
  0.5503                   0
  0.5508                   0
  0.5513                   0
  0.5517                   0
  0.5523                   0
  0.5528                   0
  0.5533                   0
  0.5537                   0
  0.5543                   0
  0.5548                   0
  0.5553                   0
  0.5557                   0
  0.5563                   0
  0.5568                   0
  0.5573                   0
  0.5577                   0
  0.5583                   0
  0.5588                   0
  0.5593                   0
  0.5597                   0
  0.5603                   0
  0.5608                   0
  0.5613                   0
  0.5617                   0
  0.5623                   0
  0.5628                   0
  0.5633                   0
  0.5637                   0
  0.5643                   0
  0.5648                   0
  0.5653                   0
  0.5657                   0
  0.5663                   0
  0.5668                   0
  0.5673                   0
  0.5677                   0
  0.5683                   0
  0.5688                   0
  0.5693                   0
  0.5697                   0
  0.5703                   0
  0.5708                   0
  0.5713                   0
  0.5717                   0
  0.5723                   0
  0.5728                   0
  0.5733                   0
  0.5737                   0
  0.5743                   0
  0.5748                   0
  0.5753                   0
  0.5757                   0
  0.5763                   0
  0.5767                   0
  0.5773                   0
  0.5777                   0
  0.5782                   0
  0.5787                   0
  0.5793                   0
  0.5797                   0
  0.5802                   0
  0.5807                   0
  0.5813                   0
  0.5817                   0
  0.5822                   0
  0.5827                   0
  0.5833                   0
  0.5837                   0
  0.5842                   0
  0.5847                   0
  0.5853                   0
  0.5857                   0
  0.5862                   0
  0.5867                   0
  0.5873                   0
  0.5877                   0
  0.5882                   0
  0.5887                   0
  0.5893                   0
  0.5897                   0
  0.5902                   0
  0.5907                   0
  0.5913                   0
  0.5917                   0
  0.5922                   0
  0.5927                   0
  0.5933                   0
  0.5938                   0
  0.5942                   0
  0.5948                   0
  0.5953                   0
  0.5958                   0
  0.5962                   0
  0.5968                   0
  0.5973                   0
  0.5978                   0
  0.5982                   0
  0.5988                   0
  0.5993                   0
  0.5998                   0
  0.6002                   0
  0.6008                   0
  0.6013                   0
  0.6018                   0
  0.6022                   0
  0.6028                   0
  0.6033                   0
  0.6038                   0
  0.6042                   0
  0.6048                   0
  0.6053                   0
  0.6058                   0
  0.6062                   0
  0.6068                   0
  0.6073                   0
  0.6078                   0
  0.6082                   0
  0.6088                   0
  0.6093                   0
  0.6098                   0
  0.6102                   0
  0.6108                   0
  0.6113                   0
  0.6118                   0
  0.6122                   0
  0.6128                   0
  0.6133                   0
  0.6138                   0
  0.6142                   0
  0.6148                   0
  0.6153                   0
  0.6158                   0
  0.6162                   0
  0.6168                   0
  0.6173                   0
  0.6178                   0
  0.6182                   0
  0.6188                   0
  0.6193                   0
  0.6198                   0
  0.6202                   0
  0.6208                   0
  0.6213                   0
  0.6218                   0
  0.6222                   0
  0.6228                   0
  0.6233                   0
  0.6238                   0
  0.6242                   0
  0.6248                   0
  0.6253                   0
  0.6258                   0
  0.6262                   0
  0.6268                   0
  0.6273                   0
  0.6278                   0
  0.6282                   0
  0.6288                   0
  0.6293                   0
  0.6298                   0
  0.6302                   0
  0.6308                   0
  0.6313                   0
  0.6318                   0
  0.6322                   0
  0.6328                   0
  0.6333                   0
  0.6338                   0
  0.6342                   0
  0.6348                   0
  0.6353                   0
  0.6358                   0
  0.6362                   0
  0.6368                   0
  0.6373                   0
  0.6378                   0
  0.6382                   0
  0.6388                   0
  0.6393                   0
  0.6398                   0
  0.6402                   0
  0.6407                   0
  0.6412                   0
  0.6418                   0
  0.6422                   0
  0.6427                   0
  0.6432                   0
  0.6438                   0
  0.6442                   0
  0.6447                   0
  0.6452                   0
  0.6458                   0
  0.6462                   0
  0.6467                   0
  0.6472                   0
  0.6478                   0
  0.6482                   0
  0.6487                   0
  0.6492                   0
  0.6498                   0
  0.6502                   0
  0.6507                   0
  0.6512                   0
  0.6518                   0
  0.6522                   0
  0.6527                   0
  0.6532                   0
  0.6538                   0
  0.6542                   0
  0.6547                   0
  0.6552                   0
  0.6558                   0
  0.6563                   0
  0.6567                   0
  0.6573                   0
  0.6578                   0
  0.6583                   0
  0.6587                   0
  0.6593                   0
  0.6598                   0
  0.6603                   0
  0.6607                   0
  0.6613                   0
  0.6618                   0
  0.6623                   0
  0.6627                   0
  0.6633                   0
  0.6638                   0
  0.6643                   0
  0.6647                   0
  0.6653                   0
  0.6658                   0
  0.6663                   0
  0.6667                   0
  0.6673                   0
  0.6678                   0
  0.6683                   0
  0.6687                   0
  0.6693                   0
  0.6698                   0
  0.6703                   0
  0.6707                   0
  0.6713                   0
  0.6718                   0
  0.6723                   0
  0.6727                   0
  0.6733                   0
  0.6738                   0
  0.6743                   0
  0.6747                   0
  0.6753                   0
  0.6758                   0
  0.6763                   0
  0.6767                   0
  0.6773                   0
  0.6778                   0
  0.6783                   0
  0.6787                   0
  0.6793                   0
  0.6798                   0
  0.6803                   0
  0.6807                   0
  0.6813                   0
  0.6818                   0
  0.6823                   0
  0.6827                   0
  0.6833                   0
  0.6838                   0
  0.6843                   0
  0.6847                   0
  0.6853                   0
  0.6858                   0
  0.6863                   0
  0.6867                   0
  0.6873                   0
  0.6878                   0
  0.6883                   0
  0.6887                   0
  0.6893                   0
  0.6898                   0
  0.6903                   0
  0.6907                   0
  0.6913                   0
  0.6918                   0
  0.6923                   0
  0.6927                   0
  0.6933                   0
  0.6938                   0
  0.6943                   0
  0.6947                   0
  0.6953                   0
  0.6958                   0
  0.6963                   0
  0.6967                   0
  0.6973                   0
  0.6978                   0
  0.6983                   0
  0.6987                   0
  0.6993                   0
  0.6998                   0
  0.7003                   0
  0.7007                   0
  0.7013                   0
  0.7018                   0
  0.7023                   0
  0.7027                   0
  0.7033                   0
  0.7037                   0
  0.7043                   0
  0.7047                   0
  0.7052                   0
  0.7057                   0
  0.7063                   0
  0.7067                   0
  0.7072                   0
  0.7077                   0
  0.7083                   0
  0.7087                   0
  0.7092                   0
  0.7097                   0
  0.7103                   0
  0.7107                   0
  0.7112                   0
  0.7117                   0
  0.7123                   0
  0.7127                   0
  0.7132                   0
  0.7137                   0
  0.7143                   0
  0.7147                   0
  0.7152                   0
  0.7157                   0
  0.7163                   0
  0.7167                   0
  0.7172                   0
  0.7177                   0
  0.7183                   0
  0.7188                   0
  0.7192                   0
  0.7198                   0
  0.7203                   0
  0.7208                   0
  0.7212                   0
  0.7218                   0
  0.7223                   0
  0.7228                   0
  0.7232                   0
  0.7238                   0
  0.7243                   0
  0.7248                   0
  0.7252                   0
  0.7258                   0
  0.7263                   0
  0.7268                   0
  0.7272                   0
  0.7278                   0
  0.7283                   0
  0.7288                   0
  0.7292                   0
  0.7298                   0
  0.7303                   0
  0.7308                   0
  0.7312                   0
  0.7318                   0
  0.7323                   0
  0.7328                   0
  0.7332                   0
  0.7338                   0
  0.7343                   0
  0.7348                   0
  0.7352                   0
  0.7358                   0
  0.7363                   0
  0.7368                   0
  0.7372                   0
  0.7378                   0
  0.7383                   0
  0.7388                   0
  0.7392                   0
  0.7398                   0
  0.7403                   0
  0.7408                   0
  0.7412                   0
  0.7418                   0
  0.7423                   0
  0.7428                   0
  0.7432                   0
  0.7438                   0
  0.7443                   0
  0.7448                   0
  0.7452                   0
  0.7458                   0
  0.7463                   0
  0.7468                   0
  0.7472                   0
  0.7478                   0
  0.7483                   0
  0.7488                   0
  0.7492                   0
  0.7498                   0
  0.7503                   0
  0.7508                   0
  0.7512                   0
  0.7518                   0
  0.7523                   0
  0.7528                   0
  0.7532                   0
  0.7538                   0
  0.7543                   0
  0.7548                   0
  0.7552                   0
  0.7558                   0
  0.7563                   0
  0.7568                   0
  0.7572                   0
  0.7578                   0
  0.7583                   0
  0.7588                   0
  0.7592                   0
  0.7598                   0
  0.7603                   0
  0.7608                   0
  0.7612                   0
  0.7618                   0
  0.7623                   0
  0.7628                   0
  0.7632                   0
  0.7638                   0
  0.7643                   0
  0.7648                   0
  0.7652                   0
  0.7658                   0
  0.7663                   0
  0.7668                   0
  0.7672                   0
  0.7678                   0
  0.7682                   0
  0.7688                   0
  0.7692                   0
  0.7697                   0
  0.7702                   0
  0.7708                   0
  0.7712                   0
  0.7717                   0
  0.7722                   0
  0.7728                   0
  0.7732                   0
  0.7737                   0
  0.7742                   0
  0.7748                   0
  0.7752                   0
  0.7757                   0
  0.7762                   0
  0.7768                   0
  0.7772                   0
  0.7777                   0
  0.7782                   0
  0.7788                   0
  0.7792                   0
  0.7797                   0
  0.7802                   0
  0.7808                   0
  0.7813                   0
  0.7817                   0
  0.7823                   0
  0.7828                   0
  0.7833                   0
  0.7837                   0
  0.7843                   0
  0.7848                   0
  0.7853                   0
  0.7857                   0
  0.7863                   0
  0.7868                   0
  0.7873                   0
  0.7877                   0
  0.7883                   0
  0.7888                   0
  0.7893                   0
  0.7897                   0
  0.7903                   0
  0.7908                   0
  0.7913                   0
  0.7917                   0
  0.7923                   0
  0.7928                   0
  0.7933                   0
  0.7937                   0
  0.7943                   0
  0.7948                   0
  0.7953                   0
  0.7957                   0
  0.7963                   0
  0.7968                   0
  0.7973                   0
  0.7977                   0
  0.7983                   0
  0.7988                   0
  0.7993                   0
  0.7997                   0
  0.8003                   0
  0.8008                   0
  0.8013                   0
  0.8017                   0
  0.8023                   0
  0.8028                   0
  0.8033                   0
  0.8037                   0
  0.8043                   0
  0.8048                   0
  0.8053                   0
  0.8057                   0
  0.8063                   0
  0.8068                   0
  0.8073                   0
  0.8077                   0
  0.8083                   0
  0.8088                   0
  0.8093                   0
  0.8097                   0
  0.8103                   0
  0.8108                   0
  0.8113                   0
  0.8117                   0
  0.8123                   0
  0.8128                   0
  0.8133                   0
  0.8137                   0
  0.8143                   0
  0.8148                   0
  0.8153                   0
  0.8157                   0
  0.8163                   0
  0.8168                   0
  0.8173                   0
  0.8177                   0
  0.8183                   0
  0.8188                   0
  0.8193                   0
  0.8197                   0
  0.8203                   0
  0.8208                   0
  0.8213                   0
  0.8217                   0
  0.8223                   0
  0.8228                   0
  0.8233                   0
  0.8237                   0
  0.8243                   0
  0.8248                   0
  0.8253                   0
  0.8257                   0
  0.8263                   0
  0.8268                   0
  0.8273                   0
  0.8277                   0
  0.8283                   0
  0.8288                   0
  0.8293                   0
  0.8297                   0
  0.8303                   0
  0.8308                   0
  0.8313                   0
  0.8317                   0
  0.8323                   0
  0.8327                   0
  0.8333                   0
  0.8337                   0
  0.8342                   0
  0.8347                   0
  0.8353                   0
  0.8357                   0
  0.8362                   0
  0.8367                   0
  0.8373                   0
  0.8377                   0
  0.8382                   0
  0.8387                   0
  0.8393                   0
  0.8397                   0
  0.8402                   0
  0.8407                   0
  0.8413                   0
  0.8417                   0
  0.8422                   0
  0.8427                   0
  0.8433                   0
  0.8438                   0
  0.8442                   0
  0.8448                   0
  0.8453                   0
  0.8458                   0
  0.8462                   0
  0.8468                   0
  0.8473                   0
  0.8478                   0
  0.8482                   0
  0.8488                   0
  0.8493                   0
  0.8498                   0
  0.8502                   0
  0.8508                   0
  0.8513                   0
  0.8518                   0
  0.8522                   0
  0.8528                   0
  0.8533                   0
  0.8538                   0
  0.8542                   0
  0.8548                   0
  0.8553                   0
  0.8558                   0
  0.8562                   0
  0.8568                   0
  0.8573                   0
  0.8578                   0
  0.8582                   0
  0.8588                   0
  0.8593                   0
  0.8598                   0
  0.8602                   0
  0.8608                   0
  0.8613                   0
  0.8618                   0
  0.8622                   0
  0.8628                   0
  0.8633                   0
  0.8638                   0
  0.8642                   0
  0.8648                   0
  0.8653                   0
  0.8658                   0
  0.8662                   0
  0.8668                   0
  0.8673                   0
  0.8678                   0
  0.8682                   0
  0.8688                   0
  0.8693                   0
  0.8698                   0
  0.8702                   0
  0.8708                   0
  0.8713                   0
  0.8718                   0
  0.8722                   0
  0.8728                   0
  0.8733                   0
  0.8738                   0
  0.8742                   0
  0.8748                   0
  0.8753                   0
  0.8758                   0
  0.8762                   0
  0.8768                   0
  0.8773                   0
  0.8778                   0
  0.8782                   0
  0.8788                   0
  0.8793                   0
  0.8798                   0
  0.8802                   0
  0.8808                   0
  0.8813                   0
  0.8818                   0
  0.8822                   0
  0.8828                   0
  0.8833                   0
  0.8838                   0
  0.8842                   0
  0.8848                   0
  0.8853                   0
  0.8858                   0
  0.8862                   0
  0.8868                   0
  0.8873                   0
  0.8878                   0
  0.8882                   0
  0.8888                   0
  0.8893                   0
  0.8898                   0
  0.8902                   0
  0.8908                   0
  0.8913                   0
  0.8918                   0
  0.8922                   0
  0.8928                   0
  0.8933                   0
  0.8938                   0
  0.8942                   0
  0.8948                   0
  0.8953                   0
  0.8958                   0
  0.8962                   0
  0.8967                   0
  0.8972                   0
  0.8978                   0
  0.8982                   0
  0.8987                   0
  0.8992                   0
  0.8998                   0
  0.9002                   0
  0.9007                   0
  0.9012                   0
  0.9018                   0
  0.9022                   0
  0.9027                   0
  0.9032                   0
  0.9038                   0
  0.9042                   0
  0.9047                   0
  0.9052                   0
  0.9058                   0
  0.9063                   0
  0.9067                   0
  0.9073                   0
  0.9078                   0
  0.9083                   0
  0.9087                   0
  0.9093                   0
  0.9098                   0
  0.9103                   0
  0.9107                   0
  0.9113                   0
  0.9118                   0
  0.9123                   0
  0.9127                   0
  0.9133                   0
  0.9138                   0
  0.9143                   0
  0.9147                   0
  0.9153                   0
  0.9158                   0
  0.9163                   0
  0.9167                   0
  0.9173                   0
  0.9178                   0
  0.9183                   0
  0.9187                   0
  0.9193                   0
  0.9198                   0
  0.9203                   0
  0.9207                   0
  0.9213                   0
  0.9218                   0
  0.9223                   0
  0.9227                   0
  0.9233                   0
  0.9238                   0
  0.9243                   0
  0.9247                   0
  0.9253                   0
  0.9258                   0
  0.9263                   0
  0.9267                   0
  0.9273                   0
  0.9278                   0
  0.9283                   0
  0.9287                   0
  0.9293                   0
  0.9298                   0
  0.9303                   0
  0.9307                   0
  0.9313                   0
  0.9318                   0
  0.9323                   0
  0.9327                   0
  0.9333                   0
  0.9338                   0
  0.9343                   0
  0.9347                   0
  0.9353                   0
  0.9358                   0
  0.9363                   0
  0.9367                   0
  0.9373                   0
  0.9378                   0
  0.9383                   0
  0.9387                   0
  0.9393                   0
  0.9398                   0
  0.9403                   0
  0.9407                   0
  0.9413                   0
  0.9418                   0
  0.9423                   0
  0.9427                   0
  0.9433                   0
  0.9438                   0
  0.9443                   0
  0.9447                   0
  0.9453                   0
  0.9458                   0
  0.9463                   0
  0.9467                   0
  0.9473                   0
  0.9478                   0
  0.9483                   0
  0.9487                   0
  0.9493                   0
  0.9498                   0
  0.9503                   0
  0.9507                   0
  0.9513                   0
  0.9518                   0
  0.9523                   0
  0.9527                   0
  0.9533                   0
  0.9538                   0
  0.9543                   0
  0.9547                   0
  0.9553                   0
  0.9558                   0
  0.9563                   0
  0.9567                   0
  0.9573                   0
  0.9578                   0
  0.9583                   0
  0.9587                   0
  0.9593                   0
  0.9597                   0
  0.9603                   0
  0.9607                   0
  0.9612                   0
  0.9617                   0
  0.9623                   0
  0.9627                   0
  0.9632                   0
  0.9637                   0
  0.9643                   0
  0.9647                   0
  0.9652                   0
  0.9657                   0
  0.9663                   0
  0.9667                   0
  0.9672                   0
  0.9677                   0
  0.9683                   0
  0.9688                   0
  0.9692                   0
  0.9698                   0
  0.9703                   0
  0.9708                   0
  0.9712                   0
  0.9718                   0
  0.9723                   0
  0.9728                   0
  0.9732                   0
  0.9738                   0
  0.9743                   0
  0.9748                   0
  0.9752                   0
  0.9758                   0
  0.9763                   0
  0.9768                   0
  0.9772                   0
  0.9778                   0
  0.9783                   0
  0.9788                   0
  0.9792                   0
  0.9798                   0
  0.9803                   0
  0.9808                   0
  0.9812                   0
  0.9818                   0
  0.9823                   0
  0.9828                   0
  0.9832                   0
  0.9838                   0
  0.9843                   0
  0.9848                   0
  0.9852                   0
  0.9858                   0
  0.9863                   0
  0.9868                   0
  0.9872                   0
  0.9878                   0
  0.9883                   0
  0.9888                   0
  0.9892                   0
  0.9898                   0
  0.9903                   0
  0.9908                   0
  0.9912                   0
  0.9918                   0
  0.9923                   0
  0.9928                   0
  0.9932                   0
  0.9938                   0
  0.9943                   0
  0.9948                   0
  0.9952                   0
  0.9958                   0
  0.9963                   0
  0.9968                   0
  0.9972                   0
  0.9978                   0
  0.9983                   0
  0.9988                   0
  0.9992                   0
  0.9998                   0
  1.0002                   0
