  0.0003     2.31114651E-003
  0.0008     1.35992076E-003
  0.0013     3.26210469E-004
  0.0018     2.15598410E-003
  0.0023     0.00000000E+000
  0.0027     4.88838170E-004
  0.0033     1.14708960E-003
  0.0037     1.90147588E-003
  0.0043     2.70565150E-003
  0.0048     3.55251902E-003
  0.0052     4.40241355E-003
  0.0057     5.26641404E-003
  0.0063     6.13301411E-003
  0.0068     7.00680836E-003
  0.0072     7.87851780E-003
  0.0077     8.74533494E-003
  0.0083     9.60732825E-003
  0.0088     1.04774783E-002
  0.0093     1.13574676E-002
  0.0097     1.22274180E-002
  0.0103     1.31006399E-002
  0.0107     1.39690100E-002
  0.0112     1.48360122E-002
  0.0118     1.57089802E-002
  0.0123     1.65820278E-002
  0.0128     1.74530908E-002
  0.0133     1.83226821E-002
  0.0138     1.91879253E-002
  0.0143     2.00554689E-002
  0.0147     2.09273486E-002
  0.0152     2.17981880E-002
  0.0158     2.26704362E-002
  0.0163     2.35472638E-002
  0.0168     2.44171859E-002
  0.0173     2.52918531E-002
  0.0178     2.61626865E-002
  0.0183     2.70376171E-002
  0.0187     2.79144114E-002
  0.0192     2.87904804E-002
  0.0198     2.96734986E-002
  0.0203     3.05475051E-002
  0.0208     2.96174257E-002
  0.0213     3.23211852E-002
  0.0217     3.31922456E-002
  0.0222     3.40612951E-002
  0.0227     3.49314410E-002
  0.0232     3.58022060E-002
  0.0238     3.66750664E-002
  0.0243     3.75473797E-002
  0.0248     3.84127082E-002
  0.0253     3.92875122E-002
  0.0258     4.01610997E-002
  0.0263     4.10337345E-002
  0.0267     4.19084845E-002
  0.0272     4.27836202E-002
  0.0278     4.36610603E-002
  0.0283     4.45369694E-002
  0.0288     4.54134490E-002
  0.0293     4.62906398E-002
  0.0297     4.71668510E-002
  0.0302     4.80422602E-002
  0.0307     4.89186802E-002
  0.0312     4.97982205E-002
  0.0318     5.06767613E-002
  0.0323     5.15534425E-002
  0.0328     5.24299713E-002
  0.0333     5.33094371E-002
  0.0338     5.41880187E-002
  0.0343     5.50657695E-002
  0.0348     5.59447526E-002
  0.0353     5.68199812E-002
  0.0358     5.76996320E-002
  0.0363     5.85777887E-002
  0.0367     5.94562211E-002
  0.0372     6.03342081E-002
  0.0377     6.12114800E-002
  0.0382     6.20900530E-002
  0.0387     6.29683575E-002
  0.0393     6.38443898E-002
  0.0398     6.47235935E-002
  0.0403     6.55973298E-002
  0.0408     6.64756462E-002
  0.0413     6.73543470E-002
  0.0418     6.82320595E-002
  0.0423     6.91119339E-002
  0.0428     6.99901849E-002
  0.0433     7.08685104E-002
  0.0437     7.17481505E-002
  0.0442     7.26264426E-002
  0.0447     7.35054590E-002
  0.0452     7.43845215E-002
  0.0457     7.52635703E-002
  0.0462     7.61419099E-002
  0.0467     7.70220472E-002
  0.0473     7.79000821E-002
  0.0478     7.87769679E-002
  0.0483     7.96550249E-002
  0.0488     8.05336574E-002
  0.0493     8.14126062E-002
  0.0498     8.22891828E-002
  0.0503     8.31684115E-002
  0.0508     8.40458277E-002
  0.0513     8.49245523E-002
  0.0518     8.58013331E-002
  0.0523     8.66795462E-002
  0.0527     8.75588059E-002
  0.0532     8.84350211E-002
  0.0537     8.93130034E-002
  0.0542     9.01918271E-002
  0.0548     9.10706158E-002
  0.0553     9.19470704E-002
  0.0558     9.28252237E-002
  0.0563     9.37015954E-002
  0.0568     9.45805546E-002
  0.0573     9.54568676E-002
  0.0578     9.63342846E-002
  0.0583     9.72140000E-002
  0.0588     9.80897532E-002
  0.0593     9.89676264E-002
  0.0597     9.98443623E-002
  0.0602     1.00722721E-001
  0.0607     1.01600676E-001
  0.0612     1.02481469E-001
  0.0617     1.03357006E-001
  0.0622     1.04233470E-001
  0.0628     1.05114388E-001
  0.0633     1.05992303E-001
  0.0638     1.06868295E-001
  0.0643     1.07747125E-001
  0.0648     1.08624838E-001
  0.0653     1.09502323E-001
  0.0658     1.10380916E-001
  0.0663     1.11260111E-001
  0.0668     1.12138114E-001
  0.0673     1.13015618E-001
  0.0678     1.13894614E-001
  0.0683     1.14773277E-001
  0.0688     1.15651184E-001
  0.0693     1.16529252E-001
  0.0698     1.17406643E-001
  0.0703     1.18285754E-001
  0.0708     1.19165758E-001
  0.0713     1.20043544E-001
  0.0718     1.20919497E-001
  0.0723     1.21799593E-001
  0.0727     1.22677383E-001
  0.0732     1.23555645E-001
  0.0737     1.24433419E-001
  0.0742     1.25310154E-001
  0.0747     1.26191075E-001
  0.0752     1.27068103E-001
  0.0757     1.27945419E-001
  0.0762     1.28824734E-001
  0.0767     1.29703102E-001
  0.0772     1.30580855E-001
  0.0777     1.31459486E-001
  0.0783     1.32339304E-001
  0.0788     1.33215302E-001
  0.0793     1.34093196E-001
  0.0798     1.34970737E-001
  0.0803     1.35851164E-001
  0.0808     1.36728239E-001
  0.0813     1.37604991E-001
  0.0818     1.38486980E-001
  0.0823     1.39365259E-001
  0.0828     1.40243077E-001
  0.0833     1.41123468E-001
  0.0838     1.42000490E-001
  0.0843     1.42879747E-001
  0.0848     1.43760364E-001
  0.0853     1.44639728E-001
  0.0858     1.45516439E-001
  0.0863     1.46395058E-001
  0.0868     1.47275823E-001
  0.0873     1.48155188E-001
  0.0877     1.49034500E-001
  0.0882     1.49911447E-001
  0.0887     1.50791752E-001
  0.0892     1.51668988E-001
  0.0897     1.52548386E-001
  0.0902     1.53426128E-001
  0.0907     1.54303761E-001
  0.0912     1.55183481E-001
  0.0917     1.56059118E-001
  0.0922     1.56942005E-001
  0.0927     1.57816912E-001
  0.0932     1.58695316E-001
  0.0938     1.59572915E-001
  0.0943     1.60453228E-001
  0.0948     1.61329783E-001
  0.0953     1.62207713E-001
  0.0958     1.63086635E-001
  0.0963     1.63963792E-001
  0.0968     1.64839381E-001
  0.0973     1.65718453E-001
  0.0978     1.66596818E-001
  0.0983     1.67474347E-001
  0.0988     1.68351589E-001
  0.0993     1.69229938E-001
  0.0998     1.70106781E-001
  0.1003     1.70985088E-001
  0.1008     1.71862203E-001
  0.1013     1.72740183E-001
  0.1018     1.73617306E-001
  0.1023     1.74498322E-001
  0.1028     1.75373997E-001
  0.1033     1.76251197E-001
  0.1038     1.77128384E-001
  0.1043     1.78007131E-001
  0.1047     1.78883745E-001
  0.1052     1.79764549E-001
  0.1057     1.80641228E-001
  0.1062     1.81519050E-001
  0.1067     1.82398412E-001
  0.1072     1.83275375E-001
  0.1077     1.84153497E-001
  0.1082     1.85031684E-001
  0.1087     1.85908197E-001
  0.1092     1.86788885E-001
  0.1098     1.87666679E-001
  0.1103     1.88543782E-001
  0.1108     1.89421991E-001
  0.1113     1.90300282E-001
  0.1118     1.91177598E-001
  0.1123     1.92054285E-001
  0.1128     1.92931909E-001
  0.1133     1.93812898E-001
  0.1138     1.94689336E-001
  0.1143     1.95566128E-001
  0.1148     1.96444185E-001
  0.1153     1.97321280E-001
  0.1158     1.98200747E-001
  0.1163     1.99079184E-001
  0.1168     1.99957234E-001
  0.1173     2.00833972E-001
  0.1178     2.01711359E-001
  0.1183     2.02590292E-001
  0.1188     2.03469730E-001
  0.1193     2.04343849E-001
  0.1197     2.05222613E-001
  0.1202     2.06101348E-001
  0.1207     2.06981688E-001
  0.1212     2.07857275E-001
  0.1217     2.08737294E-001
  0.1222     2.09614182E-001
  0.1227     2.10493531E-001
  0.1232     2.11371964E-001
  0.1237     2.12251169E-001
  0.1242     2.13129602E-001
  0.1247     2.14006895E-001
  0.1253     2.14885691E-001
  0.1258     2.15762632E-001
  0.1263     2.16644893E-001
  0.1268     2.17520833E-001
  0.1273     2.18400618E-001
  0.1278     2.19279109E-001
  0.1283     2.20158321E-001
  0.1288     2.21033924E-001
  0.1293     2.21914081E-001
  0.1298     2.22792995E-001
  0.1303     2.23667963E-001
  0.1308     2.24548570E-001
  0.1313     2.25427985E-001
  0.1318     2.26305056E-001
  0.1323     2.27183739E-001
  0.1328     2.28063430E-001
  0.1333     2.28939286E-001
  0.1338     2.29818408E-001
  0.1343     2.30697977E-001
  0.1348     2.31573223E-001
  0.1353     2.32452482E-001
  0.1358     2.33330653E-001
  0.1363     2.34207983E-001
  0.1368     2.35085324E-001
  0.1373     2.35963129E-001
  0.1378     2.36842219E-001
  0.1383     2.37720296E-001
  0.1388     2.38596998E-001
  0.1393     2.39475370E-001
  0.1398     2.40352507E-001
  0.1403     2.41233970E-001
  0.1408     2.42108914E-001
  0.1413     2.42989361E-001
  0.1418     2.43864634E-001
  0.1423     2.44745256E-001
  0.1428     2.45622778E-001
  0.1433     2.46500130E-001
  0.1438     2.47379433E-001
  0.1442     2.48260106E-001
  0.1447     2.49136222E-001
  0.1452     2.50016048E-001
  0.1457     2.50893011E-001
  0.1462     2.51770429E-001
  0.1467     2.52649575E-001
  0.1472     2.53528988E-001
  0.1477     2.54407605E-001
  0.1482     2.55283446E-001
  0.1487     2.56161332E-001
  0.1492     2.57042634E-001
  0.1497     2.57920513E-001
  0.1502     2.58798207E-001
  0.1507     2.59676616E-001
  0.1512     2.60554071E-001
  0.1517     2.61431711E-001
  0.1522     2.62311392E-001
  0.1527     2.63190027E-001
  0.1532     2.64066999E-001
  0.1537     2.64945080E-001
  0.1542     2.65822282E-001
  0.1547     2.66699589E-001
  0.1552     2.67576860E-001
  0.1557     2.68457062E-001
  0.1562     2.69337049E-001
  0.1568     2.70212412E-001
  0.1573     2.71088493E-001
  0.1578     2.71965576E-001
  0.1583     2.72844824E-001
  0.1588     2.73722782E-001
  0.1593     2.74601242E-001
  0.1598     2.75478235E-001
  0.1603     2.76358554E-001
  0.1608     2.77235615E-001
  0.1613     2.78116696E-001
  0.1618     2.78993999E-001
  0.1623     2.79871264E-001
  0.1628     2.80747866E-001
  0.1633     2.81633926E-001
  0.1638     2.82507642E-001
  0.1643     2.83388461E-001
  0.1648     2.84262424E-001
  0.1653     2.85145171E-001
  0.1658     2.86026382E-001
  0.1663     2.86904337E-001
  0.1668     2.87785117E-001
  0.1673     2.88663903E-001
  0.1678     2.89543687E-001
  0.1683     2.90421008E-001
  0.1688     2.91299605E-001
  0.1693     2.92179195E-001
  0.1698     2.93054624E-001
  0.1703     2.93933427E-001
  0.1708     2.94814260E-001
  0.1713     2.95691214E-001
  0.1718     2.96563476E-001
  0.1723     2.97443161E-001
  0.1728     2.98322780E-001
  0.1733     2.99197464E-001
  0.1738     3.00074339E-001
  0.1743     3.00952736E-001
  0.1748     3.01826272E-001
  0.1753     3.02698772E-001
  0.1758     3.03573995E-001
  0.1762     3.04447718E-001
  0.1767     3.05319200E-001
  0.1772     3.06189539E-001
  0.1777     3.07058730E-001
  0.1782     3.07930275E-001
  0.1787     3.08797154E-001
  0.1792     3.11880308E-001
  0.1797     3.10499027E-001
  0.1802     3.11375682E-001
  0.1807     3.12249035E-001
  0.1812     3.13123709E-001
  0.1817     3.13997358E-001
  0.1822     3.14875919E-001
  0.1827     3.15748122E-001
  0.1832     3.16622229E-001
  0.1837     3.17495645E-001
  0.1842     3.18367016E-001
  0.1847     3.19241091E-001
  0.1852     3.20112902E-001
  0.1857     3.20988138E-001
  0.1862     3.21857432E-001
  0.1867     3.22730160E-001
  0.1872     3.23599150E-001
  0.1878     3.24472797E-001
  0.1883     3.25340315E-001
  0.1888     3.26212162E-001
  0.1893     3.27079177E-001
  0.1898     3.27948882E-001
  0.1903     3.28816700E-001
  0.1908     3.29683667E-001
  0.1913     3.30554335E-001
  0.1918     3.31426247E-001
  0.1923     3.32293133E-001
  0.1928     3.33162172E-001
  0.1933     3.34031793E-001
  0.1938     3.34897580E-001
  0.1943     3.35766423E-001
  0.1948     3.36637273E-001
  0.1953     3.37504097E-001
  0.1958     3.38371749E-001
  0.1963     3.39239669E-001
  0.1968     3.40108845E-001
  0.1973     3.40977011E-001
  0.1978     3.41843681E-001
  0.1983     3.42712356E-001
  0.1988     3.43582724E-001
  0.1993     3.44448458E-001
  0.1998     3.45318165E-001
  0.2003     3.46186553E-001
  0.2008     3.47052395E-001
  0.2013     3.47920660E-001
  0.2018     3.48790320E-001
  0.2023     3.49656806E-001
  0.2028     3.50526981E-001
  0.2033     3.51395527E-001
  0.2038     3.52260953E-001
  0.2043     3.53130529E-001
  0.2048     3.53996765E-001
  0.2053     3.54866982E-001
  0.2058     3.55730994E-001
  0.2063     3.56601047E-001
  0.2068     3.57468694E-001
  0.2073     3.58337333E-001
  0.2078     3.59203325E-001
  0.2082     3.60073868E-001
  0.2087     3.60941437E-001
  0.2092     3.61807365E-001
  0.2097     3.62676214E-001
  0.2102     3.63542731E-001
  0.2107     3.64410547E-001
  0.2112     3.65278256E-001
  0.2117     3.66147043E-001
  0.2122     3.67013848E-001
  0.2127     3.67883048E-001
  0.2132     3.68750293E-001
  0.2137     3.69613854E-001
  0.2142     3.70483327E-001
  0.2147     3.71349304E-001
  0.2152     3.72216568E-001
  0.2157     3.73086041E-001
  0.2162     3.73958138E-001
  0.2167     3.74823996E-001
  0.2172     3.75688416E-001
  0.2177     3.76553846E-001
  0.2182     3.77426889E-001
  0.2188     3.78293113E-001
  0.2193     3.79160485E-001
  0.2198     3.80025028E-001
  0.2203     3.80900010E-001
  0.2208     3.81762746E-001
  0.2213     3.82631645E-001
  0.2218     3.83499118E-001
  0.2223     3.84368648E-001
  0.2228     3.85238195E-001
  0.2233     3.86107040E-001
  0.2238     3.86972235E-001
  0.2243     3.87837780E-001
  0.2248     3.88705601E-001
  0.2253     3.89574339E-001
  0.2258     3.90440637E-001
  0.2263     3.91312958E-001
  0.2268     3.92178903E-001
  0.2273     3.93044844E-001
  0.2278     3.93917694E-001
  0.2283     3.94784956E-001
  0.2288     3.95654230E-001
  0.2293     3.96518566E-001
  0.2298     3.97393178E-001
  0.2303     3.98257483E-001
  0.2308     3.99124430E-001
  0.2313     3.99993081E-001
  0.2318     4.00863272E-001
  0.2323     4.01734744E-001
  0.2328     4.02599756E-001
  0.2333     4.03463740E-001
  0.2338     4.04331722E-001
  0.2343     4.05202200E-001
  0.2348     4.06069378E-001
  0.2353     4.06938017E-001
  0.2358     4.07808945E-001
  0.2363     4.08671929E-001
  0.2368     4.09539840E-001
  0.2373     4.10410155E-001
  0.2378     4.11275366E-001
  0.2383     4.12144177E-001
  0.2388     4.13013195E-001
  0.2393     4.13877574E-001
  0.2398     4.14748120E-001
  0.2402     4.15613567E-001
  0.2407     4.16484310E-001
  0.2412     4.17351746E-001
  0.2417     4.18219754E-001
  0.2422     4.19091430E-001
  0.2427     4.19954859E-001
  0.2432     4.20822726E-001
  0.2437     4.21694432E-001
  0.2442     4.22559884E-001
  0.2447     4.23424053E-001
  0.2452     4.24295663E-001
  0.2457     4.25168239E-001
  0.2462     4.26037215E-001
  0.2467     4.26901788E-001
  0.2472     4.27772831E-001
  0.2477     4.28641191E-001
  0.2482     4.29509880E-001
  0.2487     4.30377706E-001
  0.2492     4.31247755E-001
  0.2497     4.32113501E-001
  0.2502     4.32986006E-001
  0.2508     4.33851413E-001
  0.2512     4.34721555E-001
  0.2518     4.35587044E-001
  0.2522     4.36455161E-001
  0.2528     4.37326970E-001
  0.2532     4.38191742E-001
  0.2538     4.39061967E-001
  0.2542     4.39934556E-001
  0.2548     4.40796420E-001
  0.2552     4.41664955E-001
  0.2558     4.42536022E-001
  0.2562     4.43400460E-001
  0.2568     4.44274856E-001
  0.2572     4.45142437E-001
  0.2578     4.46006320E-001
  0.2582     4.46877839E-001
  0.2588     4.47743246E-001
  0.2592     4.48613016E-001
  0.2598     4.49481242E-001
  0.2602     4.50349003E-001
  0.2608     4.51218458E-001
  0.2612     4.52085071E-001
  0.2618     4.52956389E-001
  0.2622     4.53821341E-001
  0.2628     4.54690899E-001
  0.2632     4.55560945E-001
  0.2638     4.56429315E-001
  0.2642     4.57292900E-001
  0.2648     4.58161088E-001
  0.2652     4.59032142E-001
  0.2658     4.59900126E-001
  0.2662     4.60770823E-001
  0.2668     4.61633210E-001
  0.2672     4.62506453E-001
  0.2678     4.63372890E-001
  0.2682     4.64237192E-001
  0.2688     4.65106623E-001
  0.2692     4.65978546E-001
  0.2698     4.66842721E-001
  0.2702     4.67715035E-001
  0.2708     4.68581243E-001
  0.2712     4.69450027E-001
  0.2718     4.70319813E-001
  0.2722     4.71187909E-001
  0.2728     4.72055148E-001
  0.2732     4.72919722E-001
  0.2738     4.73788174E-001
  0.2742     4.74655337E-001
  0.2748     4.75524201E-001
  0.2752     4.76390805E-001
  0.2758     4.77259988E-001
  0.2762     4.78127633E-001
  0.2768     4.78995361E-001
  0.2772     4.79858941E-001
  0.2778     4.80726377E-001
  0.2782     4.81596628E-001
  0.2788     4.82463512E-001
  0.2792     4.83330701E-001
  0.2798     4.84200276E-001
  0.2802     4.85073094E-001
  0.2808     4.85934667E-001
  0.2812     4.86808779E-001
  0.2818     4.87674764E-001
  0.2823     4.88540311E-001
  0.2828     4.89408726E-001
  0.2833     4.90279441E-001
  0.2838     4.91146285E-001
  0.2843     4.92015738E-001
  0.2848     4.92883632E-001
  0.2853     4.93756789E-001
  0.2858     4.94627975E-001
  0.2863     4.95494240E-001
  0.2868     4.96359580E-001
  0.2873     4.97231263E-001
  0.2878     4.98097146E-001
  0.2883     4.98964769E-001
  0.2887     4.99834818E-001
  0.2893     5.00699174E-001
  0.2897     5.01573548E-001
  0.2903     5.02438384E-001
  0.2907     5.03304962E-001
  0.2913     5.04176804E-001
  0.2917     5.05042780E-001
  0.2923     5.05914377E-001
  0.2927     5.06780623E-001
  0.2933     5.07647562E-001
  0.2937     5.08524293E-001
  0.2943     5.09387162E-001
  0.2947     5.10253481E-001
  0.2953     5.11120571E-001
  0.2957     5.11990298E-001
  0.2963     5.12855752E-001
  0.2967     5.13725657E-001
  0.2973     5.14596026E-001
  0.2977     5.15463595E-001
  0.2983     5.16328680E-001
  0.2987     5.17198894E-001
  0.2993     5.18070869E-001
  0.2997     5.18937851E-001
  0.3003     5.19803551E-001
  0.3007     5.20671902E-001
  0.3013     5.21538385E-001
  0.3017     5.22403830E-001
  0.3023     5.23275991E-001
  0.3027     5.24149389E-001
  0.3033     5.25016145E-001
  0.3037     5.25879671E-001
  0.3043     5.26750954E-001
  0.3047     5.27613701E-001
  0.3053     5.28488759E-001
  0.3057     5.29355368E-001
  0.3063     5.30222373E-001
  0.3067     5.31089816E-001
  0.3073     5.31954368E-001
  0.3077     5.32821920E-001
  0.3083     5.33694649E-001
  0.3087     5.34563366E-001
  0.3093     5.35429293E-001
  0.3097     5.36297448E-001
  0.3103     5.37169019E-001
  0.3107     5.38030912E-001
  0.3113     5.38901708E-001
  0.3117     5.39769966E-001
  0.3123     5.40639429E-001
  0.3127     5.41508663E-001
  0.3133     5.42377143E-001
  0.3137     5.43244264E-001
  0.3143     5.44105591E-001
  0.3147     5.44978022E-001
  0.3153     5.45845528E-001
  0.3157     5.46711708E-001
  0.3163     5.47582584E-001
  0.3167     5.48446607E-001
  0.3173     5.49312777E-001
  0.3177     5.50183656E-001
  0.3183     5.51051418E-001
  0.3187     5.51914928E-001
  0.3193     5.52788766E-001
  0.3197     5.53650199E-001
  0.3203     5.54524632E-001
  0.3207     5.55388328E-001
  0.3213     5.56256541E-001
  0.3217     5.57131148E-001
  0.3223     5.57994591E-001
  0.3227     5.58859459E-001
  0.3233     5.59724331E-001
  0.3237     5.60600530E-001
  0.3243     5.61463586E-001
  0.3247     5.62337058E-001
  0.3253     5.63208197E-001
  0.3257     5.64070191E-001
  0.3263     5.64936763E-001
  0.3267     5.65809176E-001
  0.3273     5.66675780E-001
  0.3277     5.67550570E-001
  0.3283     5.68418299E-001
  0.3287     5.69286160E-001
  0.3293     5.70152204E-001
  0.3297     5.71017689E-001
  0.3303     5.71884808E-001
  0.3307     5.72750296E-001
  0.3313     5.73626557E-001
  0.3317     5.74490821E-001
  0.3323     5.75361289E-001
  0.3327     5.76229496E-001
  0.3333     5.77098923E-001
  0.3337     5.77961704E-001
  0.3343     5.78832694E-001
  0.3347     5.79695669E-001
  0.3353     5.80563975E-001
  0.3357     5.81433681E-001
  0.3363     5.82305213E-001
  0.3367     5.83166066E-001
  0.3373     5.84035414E-001
  0.3377     5.84907129E-001
  0.3383     5.85772338E-001
  0.3387     5.86643135E-001
  0.3393     5.87512440E-001
  0.3397     5.88375803E-001
  0.3403     5.89244488E-001
  0.3407     5.90109797E-001
  0.3413     5.90982161E-001
  0.3417     5.91851737E-001
  0.3423     5.92723660E-001
  0.3427     5.93579343E-001
  0.3433     5.94456330E-001
  0.3438     5.95323506E-001
  0.3443     5.96190896E-001
  0.3448     5.97059887E-001
  0.3453     5.97922362E-001
  0.3458     5.98795327E-001
  0.3463     5.99664482E-001
  0.3468     6.00529935E-001
  0.3473     6.01400798E-001
  0.3478     6.02266324E-001
  0.3483     6.03142318E-001
  0.3488     6.04010053E-001
  0.3493     6.04874374E-001
  0.3498     6.05742767E-001
  0.3503     6.06609843E-001
  0.3508     6.07479504E-001
  0.3513     6.08342183E-001
  0.3518     6.09214975E-001
  0.3522     6.10079831E-001
  0.3528     6.10953011E-001
  0.3532     6.11818029E-001
  0.3538     6.12685358E-001
  0.3542     6.13560868E-001
  0.3548     6.14422029E-001
  0.3552     6.15291402E-001
  0.3558     6.16161250E-001
  0.3562     6.17027087E-001
  0.3568     6.17895400E-001
  0.3572     6.18767030E-001
  0.3578     6.19633133E-001
  0.3582     6.20499966E-001
  0.3588     6.21369715E-001
  0.3592     6.22235075E-001
  0.3598     6.23101686E-001
  0.3602     6.23974199E-001
  0.3608     6.24846078E-001
  0.3612     6.25711828E-001
  0.3618     6.26581584E-001
  0.3622     6.27451298E-001
  0.3628     6.28317223E-001
  0.3632     6.29187049E-001
  0.3638     6.30060665E-001
  0.3642     6.30926039E-001
  0.3648     6.31798928E-001
  0.3652     6.32664559E-001
  0.3658     6.33530167E-001
  0.3662     6.34402392E-001
  0.3668     6.35272003E-001
  0.3672     6.36134709E-001
  0.3678     6.37005238E-001
  0.3682     6.37876768E-001
  0.3688     6.38745591E-001
  0.3692     6.39606767E-001
  0.3698     6.40481724E-001
  0.3702     6.41349033E-001
  0.3708     6.42213686E-001
  0.3712     6.43082478E-001
  0.3718     6.43949673E-001
  0.3722     6.44822116E-001
  0.3728     6.45688107E-001
  0.3732     6.46555032E-001
  0.3738     6.47429573E-001
  0.3742     6.48291318E-001
  0.3748     6.49158373E-001
  0.3752     6.50029480E-001
  0.3758     6.50896943E-001
  0.3762     6.51763880E-001
  0.3768     6.52632872E-001
  0.3772     6.53498196E-001
  0.3778     6.54370175E-001
  0.3782     6.55235926E-001
  0.3788     6.56106867E-001
  0.3792     6.56976125E-001
  0.3798     6.57846902E-001
  0.3802     6.58709118E-001
  0.3808     6.59577168E-001
  0.3812     6.60445046E-001
  0.3818     6.61315114E-001
  0.3822     6.62179966E-001
  0.3828     6.63048814E-001
  0.3832     6.63913913E-001
  0.3838     6.64784488E-001
  0.3842     6.65655938E-001
  0.3848     6.66531342E-001
  0.3852     6.67393361E-001
  0.3858     6.68261213E-001
  0.3862     6.69129417E-001
  0.3868     6.69998762E-001
  0.3872     6.70868762E-001
  0.3878     6.71737661E-001
  0.3882     6.72606754E-001
  0.3888     6.73473879E-001
  0.3892     6.74344742E-001
  0.3898     6.75213522E-001
  0.3902     6.76077315E-001
  0.3908     6.76947210E-001
  0.3912     6.77813929E-001
  0.3918     6.78684326E-001
  0.3922     6.79551716E-001
  0.3928     6.80420440E-001
  0.3932     6.81285057E-001
  0.3938     6.82164012E-001
  0.3942     6.83028608E-001
  0.3948     6.83891306E-001
  0.3952     6.84768356E-001
  0.3958     6.85631650E-001
  0.3962     6.86499519E-001
  0.3968     6.87363550E-001
  0.3972     6.88239292E-001
  0.3978     6.89105941E-001
  0.3982     6.89964510E-001
  0.3988     6.90834533E-001
  0.3992     6.91708214E-001
  0.3998     6.92566477E-001
  0.4002     6.93438309E-001
  0.4008     6.94300643E-001
  0.4012     6.95181491E-001
  0.4018     6.96047086E-001
  0.4022     6.96917187E-001
  0.4028     6.97781910E-001
  0.4032     6.98645760E-001
  0.4038     6.99515220E-001
  0.4042     7.00387154E-001
  0.4048     7.01255743E-001
  0.4052     7.02124946E-001
  0.4058     7.02990196E-001
  0.4062     7.03855705E-001
  0.4068     7.04725651E-001
  0.4073     7.05594194E-001
  0.4078     7.06454138E-001
  0.4083     7.07327434E-001
  0.4088     7.08198144E-001
  0.4093     7.09069207E-001
  0.4098     7.09935620E-001
  0.4103     7.10800622E-001
  0.4108     7.11668175E-001
  0.4113     7.12541332E-001
  0.4118     7.13405668E-001
  0.4123     7.14276821E-001
  0.4128     7.15141594E-001
  0.4133     7.16012317E-001
  0.4138     7.16873049E-001
  0.4143     7.17746055E-001
  0.4148     7.18612579E-001
  0.4153     7.19486957E-001
  0.4158     7.20348478E-001
  0.4163     7.21217861E-001
  0.4167     7.22085310E-001
  0.4173     7.22954451E-001
  0.4177     7.23825960E-001
  0.4183     7.24692002E-001
  0.4187     7.25552076E-001
  0.4193     7.26426650E-001
  0.4197     7.27293771E-001
  0.4203     7.28156834E-001
  0.4207     7.29035889E-001
  0.4213     7.29897489E-001
  0.4217     7.30771753E-001
  0.4223     7.31641397E-001
  0.4227     7.32504981E-001
  0.4233     7.33374669E-001
  0.4237     7.34246095E-001
  0.4243     7.35103150E-001
  0.4247     7.35984510E-001
  0.4253     7.36843428E-001
  0.4257     7.37716860E-001
  0.4263     7.38587005E-001
  0.4267     7.39458031E-001
  0.4273     7.40321360E-001
  0.4277     7.41196249E-001
  0.4283     7.42060685E-001
  0.4287     7.42928026E-001
  0.4293     7.43803727E-001
  0.4297     7.44671459E-001
  0.4303     7.45542681E-001
  0.4307     7.44578647E-001
  0.4313     7.47282390E-001
  0.4317     7.48155114E-001
  0.4323     7.49036471E-001
  0.4327     7.49903154E-001
  0.4333     7.50780503E-001
  0.4337     7.51663494E-001
  0.4343     7.52541098E-001
  0.4347     7.53422063E-001
  0.4353     7.54296972E-001
  0.4357     7.55171093E-001
  0.4363     7.56057693E-001
  0.4367     7.56936341E-001
  0.4373     7.57805726E-001
  0.4377     7.58685693E-001
  0.4383     7.59570582E-001
  0.4387     7.60440801E-001
  0.4393     7.61320428E-001
  0.4397     7.62189533E-001
  0.4403     7.63072008E-001
  0.4407     7.63946694E-001
  0.4413     7.64819304E-001
  0.4417     7.65701135E-001
  0.4423     7.66574385E-001
  0.4427     7.67460355E-001
  0.4433     7.68344063E-001
  0.4437     7.69216814E-001
  0.4443     7.70096322E-001
  0.4447     7.70969459E-001
  0.4453     7.71858017E-001
  0.4457     7.72727839E-001
  0.4463     7.73600976E-001
  0.4467     7.74483314E-001
  0.4473     7.75363101E-001
  0.4477     7.76239937E-001
  0.4483     7.77115409E-001
  0.4487     7.77993925E-001
  0.4493     7.78874972E-001
  0.4497     7.79743911E-001
  0.4503     7.80629075E-001
  0.4507     7.81505489E-001
  0.4513     7.82382265E-001
  0.4517     7.83261505E-001
  0.4523     7.84134665E-001
  0.4527     7.85015743E-001
  0.4533     7.85893885E-001
  0.4537     7.86773025E-001
  0.4543     7.87649196E-001
  0.4547     7.88528870E-001
  0.4553     7.89402531E-001
  0.4557     7.90283808E-001
  0.4563     7.91165279E-001
  0.4567     7.92037982E-001
  0.4573     7.92916765E-001
  0.4577     7.93792236E-001
  0.4583     7.94667842E-001
  0.4587     7.95548900E-001
  0.4593     7.96429327E-001
  0.4597     7.97311630E-001
  0.4603     7.98185005E-001
  0.4607     7.99059342E-001
  0.4613     7.99945083E-001
  0.4617     8.00826138E-001
  0.4623     8.01699095E-001
  0.4627     8.02570267E-001
  0.4633     8.03456730E-001
  0.4637     8.04329161E-001
  0.4643     8.05213572E-001
  0.4647     8.06085342E-001
  0.4653     8.06958831E-001
  0.4657     8.07839901E-001
  0.4663     8.08726438E-001
  0.4667     8.09599150E-001
  0.4673     8.10474728E-001
  0.4677     8.11358376E-001
  0.4683     8.12233850E-001
  0.4688     8.13119588E-001
  0.4693     8.13989510E-001
  0.4698     8.14865545E-001
  0.4703     8.15750402E-001
  0.4708     8.16622840E-001
  0.4713     8.17508638E-001
  0.4718     8.18390879E-001
  0.4723     8.19266326E-001
  0.4728     8.20138703E-001
  0.4733     8.21022337E-001
  0.4738     8.21896384E-001
  0.4743     8.22771429E-001
  0.4748     8.23651279E-001
  0.4753     8.24531967E-001
  0.4758     8.25411738E-001
  0.4763     8.26288178E-001
  0.4768     8.27161841E-001
  0.4773     8.28037423E-001
  0.4778     8.28918741E-001
  0.4783     8.29796926E-001
  0.4788     8.30670147E-001
  0.4793     8.31552947E-001
  0.4798     8.32431325E-001
  0.4802     8.33306420E-001
  0.4808     8.34184830E-001
  0.4812     8.35067262E-001
  0.4818     8.35933318E-001
  0.4822     8.36819492E-001
  0.4828     8.37695697E-001
  0.4832     8.38580806E-001
  0.4838     8.39457486E-001
  0.4842     8.40339486E-001
  0.4848     8.41219329E-001
  0.4852     8.42103736E-001
  0.4858     8.42969104E-001
  0.4862     8.43853035E-001
  0.4868     8.44732982E-001
  0.4872     8.45610688E-001
  0.4878     8.46488921E-001
  0.4882     8.47371279E-001
  0.4888     8.48244182E-001
  0.4892     8.49127570E-001
  0.4898     8.50010224E-001
  0.4902     8.50883320E-001
  0.4908     8.51769374E-001
  0.4912     8.52637882E-001
  0.4918     8.53520488E-001
  0.4922     8.54396253E-001
  0.4928     8.55272947E-001
  0.4932     8.56143074E-001
  0.4938     8.57036367E-001
  0.4942     8.57902010E-001
  0.4948     8.58790750E-001
  0.4952     8.59665001E-001
  0.4958     8.60543040E-001
  0.4962     8.61417665E-001
  0.4968     8.62296244E-001
  0.4972     8.63182282E-001
  0.4978     8.64049608E-001
  0.4982     8.64928596E-001
  0.4988     8.65804642E-001
  0.4992     8.66688329E-001
  0.4998     8.67565347E-001
  0.5003     8.68446678E-001
  0.5008     8.69325408E-001
  0.5012     8.70196033E-001
  0.5018     8.71076159E-001
  0.5023     8.71953622E-001
  0.5028     8.72835734E-001
  0.5032     8.73718085E-001
  0.5038     8.74597336E-001
  0.5043     8.75467535E-001
  0.5048     8.76356614E-001
  0.5052     8.77234143E-001
  0.5058     8.78106838E-001
  0.5063     8.78990878E-001
  0.5068     8.79858585E-001
  0.5072     8.80748331E-001
  0.5078     8.81620821E-001
  0.5083     8.82504101E-001
  0.5088     8.83368173E-001
  0.5092     8.84256930E-001
  0.5098     8.85134881E-001
  0.5103     8.86012934E-001
  0.5108     8.86885881E-001
  0.5112     8.87772850E-001
  0.5118     8.88650201E-001
  0.5122     8.89533946E-001
  0.5128     8.90404038E-001
  0.5132     8.91287719E-001
  0.5137     8.92153185E-001
  0.5142     8.93046035E-001
  0.5148     8.93911574E-001
  0.5152     8.94793683E-001
  0.5157     8.95666850E-001
  0.5162     8.96546100E-001
  0.5168     8.97429449E-001
  0.5172     8.98300980E-001
  0.5177     8.99183654E-001
  0.5182     9.00062256E-001
  0.5188     9.00935238E-001
  0.5192     9.01798913E-001
  0.5197     9.02684851E-001
  0.5202     9.03565769E-001
  0.5208     9.04444336E-001
  0.5212     9.05328858E-001
  0.5217     9.06200246E-001
  0.5222     9.07083924E-001
  0.5228     9.07955602E-001
  0.5232     9.08843663E-001
  0.5237     9.09718129E-001
  0.5242     9.10593827E-001
  0.5248     9.11479420E-001
  0.5252     9.12349987E-001
  0.5257     9.13236296E-001
  0.5262     9.14098834E-001
  0.5268     9.14987191E-001
  0.5272     9.15873773E-001
  0.5277     9.16744392E-001
  0.5282     9.17619371E-001
  0.5288     9.18502345E-001
  0.5292     9.19373362E-001
  0.5297     9.20256926E-001
  0.5302     9.21126901E-001
  0.5308     9.22002884E-001
  0.5312     9.22892122E-001
  0.5317     9.23768037E-001
  0.5323     9.24640863E-001
  0.5328     9.25522660E-001
  0.5333     9.26389029E-001
  0.5337     9.27273593E-001
  0.5343     9.28157327E-001
  0.5348     9.29030340E-001
  0.5353     9.29912846E-001
  0.5357     9.30771920E-001
  0.5363     9.31658964E-001
  0.5368     9.32541250E-001
  0.5373     9.33414157E-001
  0.5377     9.34291854E-001
  0.5383     9.35181941E-001
  0.5388     9.36050569E-001
  0.5393     9.36928668E-001
  0.5397     9.37803364E-001
  0.5403     9.38688777E-001
  0.5408     9.39555587E-001
  0.5413     9.40436185E-001
  0.5417     9.41308371E-001
  0.5423     9.42196853E-001
  0.5428     9.43075618E-001
  0.5433     9.43947766E-001
  0.5437     9.44821636E-001
  0.5443     9.45707148E-001
  0.5448     9.46580733E-001
  0.5453     9.47458793E-001
  0.5457     9.48346391E-001
  0.5463     9.49208547E-001
  0.5468     9.50088436E-001
  0.5473     9.50967408E-001
  0.5477     9.51855961E-001
  0.5483     9.52739564E-001
  0.5488     9.53606604E-001
  0.5493     9.54479293E-001
  0.5497     9.55369396E-001
  0.5503     9.56243746E-001
  0.5508     9.57119788E-001
  0.5513     9.57997982E-001
  0.5517     9.58874410E-001
  0.5523     9.59759105E-001
  0.5528     9.60639105E-001
  0.5533     9.61517630E-001
  0.5537     9.62389164E-001
  0.5543     9.63273769E-001
  0.5548     9.64133189E-001
  0.5553     9.65024396E-001
  0.5557     9.65904096E-001
  0.5563     9.66779031E-001
  0.5568     9.67655816E-001
  0.5573     9.68534087E-001
  0.5577     9.69406188E-001
  0.5583     9.70294415E-001
  0.5588     9.71165689E-001
  0.5593     9.72052621E-001
  0.5597     9.72924596E-001
  0.5603     9.73793699E-001
  0.5608     9.74686261E-001
  0.5613     9.75551558E-001
  0.5617     9.76432029E-001
  0.5623     9.77312295E-001
  0.5628     9.78180451E-001
  0.5633     9.79066789E-001
  0.5637     9.79944745E-001
  0.5643     9.80829723E-001
  0.5648     9.81699105E-001
  0.5653     9.82588020E-001
  0.5657     9.83471896E-001
  0.5663     9.84344486E-001
  0.5668     9.85221587E-001
  0.5673     9.86110051E-001
  0.5677     9.86979285E-001
  0.5683     9.87858570E-001
  0.5688     9.88743942E-001
  0.5693     9.89617216E-001
  0.5697     9.90497446E-001
  0.5703     9.91384400E-001
  0.5708     9.92257594E-001
  0.5713     9.93127023E-001
  0.5717     9.94018962E-001
  0.5723     9.94885613E-001
  0.5728     9.95760978E-001
  0.5733     9.96645215E-001
  0.5737     9.97512885E-001
  0.5743     9.98399735E-001
  0.5748     9.99275446E-001
  0.5753     1.00016316E+000
  0.5757     1.00102361E+000
  0.5763     1.00190765E+000
  0.5767     1.00279313E+000
  0.5773     1.00366863E+000
  0.5777     1.00454250E+000
  0.5782     1.00543121E+000
  0.5787     1.00629491E+000
  0.5793     1.00717066E+000
  0.5797     1.00806161E+000
  0.5802     1.00893873E+000
  0.5807     1.00981056E+000
  0.5813     1.01068260E+000
  0.5817     1.01156951E+000
  0.5822     1.01245380E+000
  0.5827     1.01332491E+000
  0.5833     1.01421013E+000
  0.5837     1.01507878E+000
  0.5842     1.01596506E+000
  0.5847     1.01684644E+000
  0.5853     1.01772164E+000
  0.5857     1.01860168E+000
  0.5862     1.01948815E+000
  0.5867     1.02036459E+000
  0.5873     1.02125224E+000
  0.5877     1.02211276E+000
  0.5882     1.02298835E+000
  0.5887     1.02388143E+000
  0.5893     1.02475109E+000
  0.5897     1.02564785E+000
  0.5902     1.02652077E+000
  0.5907     1.02739092E+000
  0.5913     1.02827336E+000
  0.5917     1.02914936E+000
  0.5922     1.03002367E+000
  0.5927     1.03092010E+000
  0.5933     1.03178594E+000
  0.5938     1.03267444E+000
  0.5942     1.03355574E+000
  0.5948     1.03444228E+000
  0.5953     1.03530686E+000
  0.5958     1.03619281E+000
  0.5962     1.03707271E+000
  0.5968     1.03794154E+000
  0.5973     1.03881847E+000
  0.5978     1.03969945E+000
  0.5982     1.04057322E+000
  0.5988     1.04145047E+000
  0.5993     1.04234752E+000
  0.5998     1.04320853E+000
  0.6002     1.04410187E+000
  0.6008     1.04497505E+000
  0.6013     1.04584697E+000
  0.6018     1.04671867E+000
  0.6022     1.04760814E+000
  0.6028     1.04848674E+000
  0.6033     1.04936142E+000
  0.6038     1.05024372E+000
  0.6042     1.05112530E+000
  0.6048     1.05199561E+000
  0.6053     1.05288730E+000
  0.6058     1.05375965E+000
  0.6062     1.05464096E+000
  0.6068     1.05551272E+000
  0.6073     1.05638920E+000
  0.6078     1.05726762E+000
  0.6082     1.05814541E+000
  0.6088     1.05901476E+000
  0.6093     1.05990023E+000
  0.6098     1.06077439E+000
  0.6102     1.06166145E+000
  0.6108     1.06253354E+000
  0.6113     1.06342003E+000
  0.6118     1.06429167E+000
  0.6122     1.06518101E+000
  0.6128     1.06604262E+000
  0.6133     1.06693008E+000
  0.6138     1.06779523E+000
  0.6142     1.06868629E+000
  0.6148     1.06956594E+000
  0.6153     1.07044580E+000
  0.6158     1.07132019E+000
  0.6162     1.07219583E+000
  0.6168     1.07308270E+000
  0.6173     1.07395596E+000
  0.6178     1.07483320E+000
  0.6182     1.07570179E+000
  0.6188     1.07658256E+000
  0.6193     1.07748198E+000
  0.6198     1.07835314E+000
  0.6202     1.07920736E+000
  0.6208     1.08009520E+000
  0.6213     1.08098000E+000
  0.6218     1.08184799E+000
  0.6222     1.08273613E+000
  0.6228     1.08360050E+000
  0.6233     1.08447877E+000
  0.6238     1.08536244E+000
  0.6242     1.08624388E+000
  0.6248     1.08712293E+000
  0.6253     1.08799499E+000
  0.6258     1.08885624E+000
  0.6262     1.08974122E+000
  0.6268     1.09062726E+000
  0.6273     1.09148932E+000
  0.6278     1.09238749E+000
  0.6282     1.09326101E+000
  0.6288     1.09415117E+000
  0.6293     1.09501989E+000
  0.6298     1.09590062E+000
  0.6302     1.09678074E+000
  0.6308     1.09765325E+000
  0.6313     1.09851571E+000
  0.6318     1.09941239E+000
  0.6322     1.10028603E+000
  0.6328     1.10116938E+000
  0.6333     1.10203676E+000
  0.6338     1.10290590E+000
  0.6342     1.10380206E+000
  0.6348     1.10467910E+000
  0.6353     1.10554829E+000
  0.6358     1.10643721E+000
  0.6362     1.10731166E+000
  0.6368     1.10817306E+000
  0.6373     1.10907259E+000
  0.6378     1.10993450E+000
  0.6382     1.11081478E+000
  0.6388     1.11169932E+000
  0.6393     1.11258409E+000
  0.6398     1.11345419E+000
  0.6402     1.11433112E+000
  0.6407     1.11521438E+000
  0.6412     1.11607742E+000
  0.6418     1.11695541E+000
  0.6422     1.11783021E+000
  0.6427     1.11871109E+000
  0.6432     1.11959452E+000
  0.6438     1.12047278E+000
  0.6442     1.12133920E+000
  0.6447     1.12222575E+000
  0.6452     1.12309675E+000
  0.6458     1.12398882E+000
  0.6462     1.12485948E+000
  0.6467     1.12575798E+000
  0.6472     1.12662689E+000
  0.6478     1.12750385E+000
  0.6482     1.12836696E+000
  0.6487     1.12925186E+000
  0.6492     1.13012254E+000
  0.6498     1.13100895E+000
  0.6502     1.13188074E+000
  0.6507     1.13277052E+000
  0.6512     1.13364485E+000
  0.6518     1.13452764E+000
  0.6522     1.13540105E+000
  0.6527     1.13628959E+000
  0.6532     1.13716541E+000
  0.6538     1.13803613E+000
  0.6542     1.13890891E+000
  0.6547     1.13978200E+000
  0.6552     1.14066413E+000
  0.6558     1.14154305E+000
  0.6562     1.14242941E+000
  0.6567     1.14330354E+000
  0.6573     1.14418131E+000
  0.6578     1.14505416E+000
  0.6583     1.14592632E+000
  0.6587     1.14681448E+000
  0.6593     1.14770484E+000
  0.6598     1.14856191E+000
  0.6603     1.14943482E+000
  0.6607     1.15031904E+000
  0.6613     1.15118691E+000
  0.6618     1.15207792E+000
  0.6623     1.15295251E+000
  0.6627     1.15385214E+000
  0.6633     1.15470089E+000
  0.6638     1.15561440E+000
  0.6643     1.15647761E+000
  0.6647     1.15735170E+000
  0.6653     1.15824120E+000
  0.6658     1.15910004E+000
  0.6663     1.15998992E+000
  0.6667     1.16084626E+000
  0.6673     1.16175541E+000
  0.6678     1.16262950E+000
  0.6683     1.16350790E+000
  0.6687     1.16439709E+000
  0.6693     1.16526666E+000
  0.6698     1.16615546E+000
  0.6703     1.16702253E+000
  0.6707     1.16790686E+000
  0.6713     1.16877566E+000
  0.6718     1.16966628E+000
  0.6723     1.17054008E+000
  0.6727     1.17140934E+000
  0.6733     1.17228973E+000
  0.6738     1.17317517E+000
  0.6743     1.17406610E+000
  0.6747     1.17492819E+000
  0.6753     1.17582831E+000
  0.6758     1.17669238E+000
  0.6763     1.17757021E+000
  0.6767     1.17844228E+000
  0.6773     1.17933824E+000
  0.6778     1.18020373E+000
  0.6783     1.18109064E+000
  0.6787     1.18196229E+000
  0.6793     1.18283627E+000
  0.6798     1.18372057E+000
  0.6803     1.18460210E+000
  0.6807     1.18548518E+000
  0.6813     1.18635101E+000
  0.6818     1.18723111E+000
  0.6823     1.18811761E+000
  0.6827     1.18899859E+000
  0.6833     1.18985209E+000
  0.6838     1.19073895E+000
  0.6843     1.19163577E+000
  0.6847     1.19251065E+000
  0.6853     1.19336331E+000
  0.6858     1.19426308E+000
  0.6863     1.19513854E+000
  0.6867     1.19600942E+000
  0.6873     1.19689674E+000
  0.6878     1.19777830E+000
  0.6883     1.19866220E+000
  0.6887     1.19953842E+000
  0.6893     1.20040910E+000
  0.6898     1.20128363E+000
  0.6903     1.20215089E+000
  0.6907     1.20303509E+000
  0.6913     1.20391107E+000
  0.6918     1.20480403E+000
  0.6923     1.20567523E+000
  0.6927     1.20655082E+000
  0.6933     1.20743485E+000
  0.6938     1.20832111E+000
  0.6943     1.20920793E+000
  0.6947     1.21007512E+000
  0.6953     1.21094984E+000
  0.6958     1.21181066E+000
  0.6963     1.21270360E+000
  0.6967     1.21357510E+000
  0.6973     1.21446017E+000
  0.6978     1.21535027E+000
  0.6983     1.21622023E+000
  0.6987     1.21711512E+000
  0.6993     1.21798191E+000
  0.6998     1.21886249E+000
  0.7003     1.21972577E+000
  0.7007     1.22061671E+000
  0.7013     1.22148357E+000
  0.7018     1.22237703E+000
  0.7023     1.22325369E+000
  0.7027     1.22413900E+000
  0.7033     1.22502774E+000
  0.7037     1.22588521E+000
  0.7043     1.22677252E+000
  0.7047     1.22765207E+000
  0.7052     1.22853160E+000
  0.7057     1.22941227E+000
  0.7063     1.23028574E+000
  0.7067     1.23116165E+000
  0.7072     1.23203071E+000
  0.7077     1.23292822E+000
  0.7083     1.23379976E+000
  0.7087     1.23468645E+000
  0.7092     1.23555160E+000
  0.7097     1.23644842E+000
  0.7103     1.23733286E+000
  0.7107     1.23820359E+000
  0.7112     1.23909626E+000
  0.7117     1.23996720E+000
  0.7123     1.24083718E+000
  0.7127     1.24171019E+000
  0.7132     1.24259766E+000
  0.7137     1.24349027E+000
  0.7143     1.24434482E+000
  0.7147     1.24524120E+000
  0.7152     1.24610883E+000
  0.7157     1.24699797E+000
  0.7163     1.24787909E+000
  0.7167     1.24873328E+000
  0.7172     1.24963208E+000
  0.7177     1.25049100E+000
  0.7183     1.25137017E+000
  0.7188     1.25223595E+000
  0.7192     1.25311980E+000
  0.7198     1.25398784E+000
  0.7203     1.25486753E+000
  0.7208     1.25576133E+000
  0.7212     1.25661419E+000
  0.7218     1.25974727E+000
  0.7223     1.25840763E+000
  0.7228     1.25927743E+000
  0.7232     1.26015072E+000
  0.7238     1.26104705E+000
  0.7243     1.26192501E+000
  0.7248     1.26280572E+000
  0.7252     1.26369105E+000
  0.7258     1.26456760E+000
  0.7263     1.26546000E+000
  0.7268     1.26632918E+000
  0.7272     1.26719241E+000
  0.7278     1.26807946E+000
  0.7283     1.26895645E+000
  0.7288     1.26984748E+000
  0.7292     1.27074600E+000
  0.7298     1.27160651E+000
  0.7303     1.27248769E+000
  0.7308     1.27335938E+000
  0.7312     1.27424631E+000
  0.7318     1.27512407E+000
  0.7323     1.27600022E+000
  0.7328     1.27685508E+000
  0.7332     1.27775440E+000
  0.7338     1.27862358E+000
  0.7343     1.27949376E+000
  0.7348     1.28038325E+000
  0.7352     1.28125884E+000
  0.7358     1.28213732E+000
  0.7363     1.28302587E+000
  0.7368     1.28389396E+000
  0.7372     1.28477633E+000
  0.7378     1.28567088E+000
  0.7383     1.28652909E+000
  0.7388     1.28741303E+000
  0.7392     1.28831596E+000
  0.7398     1.28918942E+000
  0.7403     1.29005515E+000
  0.7408     1.29094167E+000
  0.7412     1.29181136E+000
  0.7418     1.29271390E+000
  0.7423     1.29359855E+000
  0.7428     1.29449151E+000
  0.7432     1.29534242E+000
  0.7438     1.29623691E+000
  0.7443     1.29715042E+000
  0.7448     1.29799447E+000
  0.7452     1.29888089E+000
  0.7458     1.29977566E+000
  0.7463     1.30064244E+000
  0.7468     1.30157752E+000
  0.7472     1.30242114E+000
  0.7478     1.30332370E+000
  0.7483     1.30421630E+000
  0.7488     1.30508625E+000
  0.7492     1.30598009E+000
  0.7498     1.30685634E+000
  0.7503     1.30777187E+000
  0.7508     1.30863104E+000
  0.7512     1.30955963E+000
  0.7518     1.31042915E+000
  0.7523     1.31134528E+000
  0.7528     1.31220870E+000
  0.7532     1.31309489E+000
  0.7538     1.31402582E+000
  0.7543     1.31491074E+000
  0.7548     1.31578105E+000
  0.7552     1.31669275E+000
  0.7558     1.31756403E+000
  0.7563     1.31849777E+000
  0.7568     1.31938322E+000
  0.7572     1.32025204E+000
  0.7578     1.32117813E+000
  0.7583     1.32207284E+000
  0.7588     1.32298064E+000
  0.7592     1.32386958E+000
  0.7598     1.32478594E+000
  0.7603     1.32568840E+000
  0.7608     1.32658119E+000
  0.7612     1.32746915E+000
  0.7618     1.32838839E+000
  0.7623     1.32932309E+000
  0.7628     1.33020797E+000
  0.7632     1.33110611E+000
  0.7638     1.33204306E+000
  0.7643     1.33296763E+000
  0.7648     1.33382989E+000
  0.7652     1.33475829E+000
  0.7658     1.33569004E+000
  0.7663     1.33659705E+000
  0.7668     1.33752925E+000
  0.7672     1.33843566E+000
  0.7678     1.33937369E+000
  0.7682     1.34027509E+000
  0.7688     1.34118850E+000
  0.7692     1.34211452E+000
  0.7697     1.34303040E+000
  0.7702     1.34396046E+000
  0.7708     1.34490275E+000
  0.7712     1.34579612E+000
  0.7717     1.34673996E+000
  0.7722     1.34764550E+000
  0.7728     1.34859437E+000
  0.7732     1.34952457E+000
  0.7737     1.35045709E+000
  0.7742     1.35139497E+000
  0.7748     1.35230841E+000
  0.7752     1.35322663E+000
  0.7757     1.35418326E+000
  0.7762     1.35510547E+000
  0.7768     1.35604918E+000
  0.7772     1.35698325E+000
  0.7777     1.35794786E+000
  0.7782     1.35886404E+000
  0.7788     1.35980456E+000
  0.7792     1.36076952E+000
  0.7797     1.36170201E+000
  0.7802     1.36264606E+000
  0.7808     1.36357272E+000
  0.7812     1.36455446E+000
  0.7817     1.36550552E+000
  0.7823     1.36644004E+000
  0.7828     1.36742002E+000
  0.7833     1.36833536E+000
  0.7837     1.36931439E+000
  0.7843     1.37028797E+000
  0.7848     1.37122862E+000
  0.7853     1.37220375E+000
  0.7857     1.37314689E+000
  0.7863     1.37410257E+000
  0.7868     1.37507241E+000
  0.7873     1.37603195E+000
  0.7877     1.37700999E+000
  0.7883     1.37798232E+000
  0.7888     1.37895701E+000
  0.7893     1.37991134E+000
  0.7897     1.38088657E+000
  0.7903     1.38186323E+000
  0.7908     1.38282273E+000
  0.7913     1.38381182E+000
  0.7917     1.38479231E+000
  0.7923     1.38578890E+000
  0.7928     1.38675265E+000
  0.7933     1.38775223E+000
  0.7937     1.38872011E+000
  0.7943     1.38971271E+000
  0.7948     1.39069728E+000
  0.7953     1.39166568E+000
  0.7957     1.39269504E+000
  0.7963     1.39367312E+000
  0.7968     1.39467787E+000
  0.7973     1.39566452E+000
  0.7977     1.39668325E+000
  0.7983     1.39769619E+000
  0.7988     1.39866277E+000
  0.7993     1.39969049E+000
  0.7997     1.40068362E+000
  0.8003     1.40169031E+000
  0.8008     1.40272426E+000
  0.8013     1.40373333E+000
  0.8017     1.40478247E+000
  0.8023     1.40577624E+000
  0.8028     1.40677896E+000
  0.8033     1.40780723E+000
  0.8037     1.40887132E+000
  0.8043     1.40988249E+000
  0.8048     1.41094337E+000
  0.8053     1.41194458E+000
  0.8057     1.41298337E+000
  0.8063     1.41401204E+000
  0.8068     1.41504280E+000
  0.8073     1.41609871E+000
  0.8077     1.41712943E+000
  0.8083     1.41817505E+000
  0.8088     1.41923757E+000
  0.8093     1.42028782E+000
  0.8097     1.42132602E+000
  0.8103     1.42237010E+000
  0.8108     1.42342750E+000
  0.8113     1.42450352E+000
  0.8117     1.42556331E+000
  0.8123     1.42662409E+000
  0.8128     1.42768834E+000
  0.8133     1.42873098E+000
  0.8137     1.42978850E+000
  0.8143     1.43085516E+000
  0.8148     1.43194721E+000
  0.8153     1.43306093E+000
  0.8157     1.43411239E+000
  0.8163     1.43520210E+000
  0.8168     1.43629198E+000
  0.8173     1.43738116E+000
  0.8177     1.43848469E+000
  0.8183     1.43954720E+000
  0.8188     1.44059236E+000
  0.8193     1.44170269E+000
  0.8197     1.44287304E+000
  0.8203     1.44392087E+000
  0.8208     1.44503249E+000
  0.8213     1.44612640E+000
  0.8217     1.44726355E+000
  0.8223     1.44839840E+000
  0.8228     1.44950390E+000
  0.8233     1.45061503E+000
  0.8237     1.45174276E+000
  0.8243     1.45284559E+000
  0.8248     1.45400385E+000
  0.8253     1.45515941E+000
  0.8257     1.45627778E+000
  0.8263     1.45738434E+000
  0.8268     1.45855675E+000
  0.8273     1.45968028E+000
  0.8277     1.46082806E+000
  0.8283     1.46196373E+000
  0.8288     1.46314929E+000
  0.8293     1.46426978E+000
  0.8297     1.46541495E+000
  0.8303     1.46658512E+000
  0.8308     1.46776653E+000
  0.8313     1.46890557E+000
  0.8317     1.47012042E+000
  0.8323     1.47124942E+000
  0.8327     1.47246584E+000
  0.8333     1.47364754E+000
  0.8337     1.47480614E+000
  0.8342     1.47599770E+000
  0.8347     1.47720305E+000
  0.8353     1.47841114E+000
  0.8357     1.47955730E+000
  0.8362     1.48080475E+000
  0.8367     1.48197397E+000
  0.8373     1.48322076E+000
  0.8377     1.48440704E+000
  0.8382     1.48560163E+000
  0.8387     1.48682261E+000
  0.8393     1.48809887E+000
  0.8397     1.48923689E+000
  0.8402     1.49045757E+000
  0.8407     1.49166175E+000
  0.8413     1.49295371E+000
  0.8417     1.49419482E+000
  0.8422     1.49542878E+000
  0.8427     1.49671716E+000
  0.8433     1.49790574E+000
  0.8438     1.49919390E+000
  0.8442     1.50044090E+000
  0.8448     1.50166722E+000
  0.8453     1.50296435E+000
  0.8458     1.50422724E+000
  0.8462     1.50549888E+000
  0.8468     1.50682974E+000
  0.8473     1.50809251E+000
  0.8478     1.50937742E+000
  0.8482     1.51063489E+000
  0.8488     1.51192311E+000
  0.8493     1.51325348E+000
  0.8498     1.51454665E+000
  0.8502     1.51588246E+000
  0.8508     1.51715237E+000
  0.8513     1.51851099E+000
  0.8518     1.51984649E+000
  0.8522     1.52109250E+000
  0.8528     1.52244795E+000
  0.8533     1.52384573E+000
  0.8538     1.52512508E+000
  0.8542     1.52648984E+000
  0.8548     1.52781316E+000
  0.8553     1.52919458E+000
  0.8558     1.53054895E+000
  0.8562     1.53191008E+000
  0.8568     1.53323575E+000
  0.8573     1.53459710E+000
  0.8578     1.53601558E+000
  0.8582     1.53735163E+000
  0.8588     1.53873689E+000
  0.8593     1.54018107E+000
  0.8598     1.54155067E+000
  0.8602     1.54289070E+000
  0.8608     1.54432373E+000
  0.8613     1.54569111E+000
  0.8618     1.54717072E+000
  0.8622     1.54855880E+000
  0.8628     1.54998551E+000
  0.8633     1.55138884E+000
  0.8638     1.55284102E+000
  0.8642     1.55425615E+000
  0.8648     1.55574253E+000
  0.8653     1.55719066E+000
  0.8658     1.55866962E+000
  0.8662     1.56010997E+000
  0.8668     1.56160383E+000
  0.8673     1.56302427E+000
  0.8678     1.56446879E+000
  0.8682     1.56593239E+000
  0.8688     1.56750330E+000
  0.8693     1.56892497E+000
  0.8698     1.57040083E+000
  0.8702     1.57194241E+000
  0.8708     1.57342234E+000
  0.8713     1.57492887E+000
  0.8718     1.57647187E+000
  0.8722     1.57802616E+000
  0.8728     1.57952984E+000
  0.8733     1.58106228E+000
  0.8738     1.58259851E+000
  0.8742     1.58414641E+000
  0.8748     1.58565102E+000
  0.8753     1.58724333E+000
  0.8758     1.58879521E+000
  0.8762     1.59032879E+000
  0.8768     1.59191035E+000
  0.8773     1.59353941E+000
  0.8778     1.59513482E+000
  0.8782     1.59672442E+000
  0.8788     1.59829441E+000
  0.8793     1.59991778E+000
  0.8798     1.60154933E+000
  0.8802     1.60317509E+000
  0.8808     1.60485242E+000
  0.8813     1.60642010E+000
  0.8818     1.60813345E+000
  0.8822     1.60974137E+000
  0.8828     1.61141544E+000
  0.8833     1.61313175E+000
  0.8838     1.61467818E+000
  0.8842     1.61641285E+000
  0.8848     1.61807916E+000
  0.8853     1.61972336E+000
  0.8858     1.62151953E+000
  0.8862     1.62322403E+000
  0.8868     1.62487055E+000
  0.8873     1.62659802E+000
  0.8878     1.62825672E+000
  0.8882     1.63007318E+000
  0.8888     1.63169800E+000
  0.8893     1.63355777E+000
  0.8898     1.63524242E+000
  0.8902     1.63707131E+000
  0.8908     1.63879774E+000
  0.8913     1.64062617E+000
  0.8918     1.64239297E+000
  0.8922     1.64423209E+000
  0.8928     1.64593773E+000
  0.8933     1.64776895E+000
  0.8938     1.64968386E+000
  0.8942     1.65143173E+000
  0.8948     1.65328683E+000
  0.8953     1.65510840E+000
  0.8958     1.65690105E+000
  0.8962     1.65886799E+000
  0.8967     1.66068322E+000
  0.8972     1.66265008E+000
  0.8978     1.66448174E+000
  0.8982     1.66640634E+000
  0.8987     1.66833103E+000
  0.8992     1.67020484E+000
  0.8998     1.67212269E+000
  0.9002     1.67404842E+000
  0.9007     1.67611599E+000
  0.9012     1.67796061E+000
  0.9018     1.67998177E+000
  0.9022     1.68188437E+000
  0.9027     1.68394985E+000
  0.9032     1.68588933E+000
  0.9038     1.68773350E+000
  0.9042     1.68983283E+000
  0.9047     1.69194166E+000
  0.9052     1.69391966E+000
  0.9058     1.69593707E+000
  0.9062     1.69805398E+000
  0.9067     1.70002813E+000
  0.9073     1.70204800E+000
  0.9078     1.70412043E+000
  0.9083     1.70642132E+000
  0.9087     1.70834494E+000
  0.9093     1.71043483E+000
  0.9098     1.71256812E+000
  0.9103     1.71478877E+000
  0.9107     1.71694802E+000
  0.9113     1.71884382E+000
  0.9118     1.72109582E+000
  0.9123     1.72339816E+000
  0.9127     1.72552204E+000
  0.9133     1.72778368E+000
  0.9138     1.72996414E+000
  0.9143     1.73217253E+000
  0.9147     1.73450914E+000
  0.9153     1.73674463E+000
  0.9158     1.73895335E+000
  0.9163     1.74116929E+000
  0.9167     1.74345492E+000
  0.9173     1.74581164E+000
  0.9178     1.74813864E+000
  0.9183     1.75048620E+000
  0.9187     1.75280560E+000
  0.9193     1.75521352E+000
  0.9198     1.75742833E+000
  0.9203     1.76001681E+000
  0.9207     1.76243121E+000
  0.9213     1.76474898E+000
  0.9218     1.76708650E+000
  0.9223     1.76947868E+000
  0.9227     1.77225193E+000
  0.9233     1.77452751E+000
  0.9238     1.77698584E+000
  0.9243     1.77955491E+000
  0.9247     1.78198647E+000
  0.9253     1.78455355E+000
  0.9258     1.78697979E+000
  0.9263     1.78963298E+000
  0.9267     1.79234818E+000
  0.9273     1.79482574E+000
  0.9278     1.79748951E+000
  0.9283     1.80017592E+000
  0.9287     1.80276351E+000
  0.9293     1.80537825E+000
  0.9298     1.80814584E+000
  0.9303     1.81079713E+000
  0.9307     1.81338394E+000
  0.9313     1.81617276E+000
  0.9318     1.81893347E+000
  0.9323     1.82176415E+000
  0.9327     1.82446421E+000
  0.9333     1.82717152E+000
  0.9338     1.83020057E+000
  0.9343     1.83300437E+000
  0.9347     1.83593347E+000
  0.9353     1.83880932E+000
  0.9358     1.84165517E+000
  0.9363     1.84470269E+000
  0.9367     1.84734622E+000
  0.9373     1.85051214E+000
  0.9378     1.85352345E+000
  0.9383     1.85646347E+000
  0.9387     1.85954849E+000
  0.9393     1.86247882E+000
  0.9398     1.86555552E+000
  0.9403     1.86858940E+000
  0.9407     1.87192704E+000
  0.9413     1.87509574E+000
  0.9418     1.87822695E+000
  0.9423     1.88185074E+000
  0.9427     1.88472159E+000
  0.9433     1.88780365E+000
  0.9438     1.89127843E+000
  0.9443     1.89438111E+000
  0.9447     1.89780396E+000
  0.9453     1.90115858E+000
  0.9458     1.90444962E+000
  0.9463     1.90810069E+000
  0.9467     1.91140102E+000
  0.9473     1.91483462E+000
  0.9478     1.91851651E+000
  0.9483     1.92189021E+000
  0.9487     1.92540573E+000
  0.9493     1.92880537E+000
  0.9498     1.93266299E+000
  0.9503     1.93592617E+000
  0.9507     1.94002156E+000
  0.9513     1.94378403E+000
  0.9518     1.94710524E+000
  0.9523     1.95137711E+000
  0.9527     1.95502597E+000
  0.9533     1.95859370E+000
  0.9538     1.96254099E+000
  0.9543     1.96620661E+000
  0.9547     1.96998584E+000
  0.9553     1.97434672E+000
  0.9558     1.97899850E+000
  0.9563     1.98245883E+000
  0.9567     1.98660555E+000
  0.9573     1.99060720E+000
  0.9578     1.99468930E+000
  0.9583     1.99932894E+000
  0.9587     2.00362755E+000
  0.9593     2.00786583E+000
  0.9597     2.01215222E+000
  0.9603     2.01613551E+000
  0.9607     2.02061961E+000
  0.9612     2.02542052E+000
  0.9617     2.03027643E+000
  0.9623     2.03445412E+000
  0.9627     2.03893704E+000
  0.9632     2.04336984E+000
  0.9637     2.04848625E+000
  0.9643     2.05343008E+000
  0.9647     2.05869491E+000
  0.9652     2.06301656E+000
  0.9657     2.06722133E+000
  0.9663     2.07282564E+000
  0.9667     2.07769194E+000
  0.9672     2.08278586E+000
  0.9677     2.08778874E+000
  0.9683     2.09386891E+000
  0.9688     2.09917755E+000
  0.9692     2.10433706E+000
  0.9698     2.11019572E+000
  0.9703     2.11591298E+000
  0.9708     2.12083678E+000
  0.9712     2.12907390E+000
  0.9718     2.13066916E+000
  0.9723     2.13860255E+000
  0.9728     2.14868252E+000
  0.9732     2.15280692E+000
  0.9738     2.16424339E+000
  0.9743     2.16481445E+000
  0.9748     2.17190526E+000
  0.9752     2.18982774E+000
  0.9758     2.18432946E+000
  0.9763     2.17594005E+000
  0.9768     2.22963262E+000
  0.9778     2.20779247E+000
  0.9783     2.20976368E+000
  0.9792     2.20192014E+000
  0.9812     2.23844011E+000
