  5.9975     7.78148247E-003
  6.0025     0.00000000E+000
  6.0125     3.41842644E-003
  6.0175     1.26401639E-002
  6.0225     2.25076043E-002
  6.0275     3.03607917E-002
  6.0325     3.98419975E-002
  6.0375     4.67251446E-002
  6.0425     5.55991801E-002
  6.0475     6.15161227E-002
  6.0525     7.16624310E-002
  6.0575     7.86134471E-002
  6.0625     8.70356315E-002
  6.0675     9.65318899E-002
  6.0725     1.04585734E-001
  6.0775     1.14112864E-001
  6.0825     1.23354543E-001
  6.0875     1.31044817E-001
  6.0925     1.39978545E-001
  6.0975     1.49023416E-001
  6.1025     1.57603172E-001
  6.1075     1.66155305E-001
  6.1125     1.75099287E-001
  6.1175     1.83578635E-001
  6.1225     1.92236034E-001
  6.1275     2.01059992E-001
  6.1325     2.09730654E-001
  6.1375     2.18384359E-001
  6.1425     2.27294539E-001
  6.1475     2.35907872E-001
  6.1525     2.44601671E-001
  6.1575     2.53212788E-001
  6.1625     2.61961499E-001
  6.1675     2.70698798E-001
  6.1725     2.79396900E-001
  6.1775     2.88029994E-001
  6.1825     2.96847472E-001
  6.1875     3.05598799E-001
  6.1925     3.14273717E-001
  6.1975     3.22987538E-001
  6.2025     3.31748493E-001
  6.2075     3.40474307E-001
  6.2125     3.49167807E-001
  6.2175     3.57903732E-001
  6.2225     3.66624952E-001
  6.2275     3.75371922E-001
  6.2325     3.84064550E-001
  6.2375     3.92782076E-001
  6.2425     4.01488371E-001
  6.2475     4.10188714E-001
  6.2525     4.18946892E-001
  6.2575     4.27628102E-001
  6.2625     4.36356062E-001
  6.2675     4.45058554E-001
  6.2725     4.53785030E-001
  6.2775     4.62501959E-001
  6.2825     4.71217714E-001
  6.2875     4.79916167E-001
  6.2925     4.88648722E-001
  6.2975     4.97354962E-001
  6.3025     5.06070887E-001
  6.3075     5.14791412E-001
  6.3125     5.23498520E-001
  6.3175     5.32215607E-001
  6.3225     5.40933545E-001
  6.3275     5.49654844E-001
  6.3325     5.58365175E-001
  6.3375     5.67084349E-001
  6.3425     5.75802811E-001
  6.3475     5.84516184E-001
  6.3525     5.93242992E-001
  6.3575     6.01946040E-001
  6.3625     6.10659750E-001
  6.3675     6.19371238E-001
  6.3725     6.28092058E-001
  6.3775     6.36810715E-001
  6.3825     6.45517672E-001
  6.3875     6.54239220E-001
  6.3925     6.62953944E-001
  6.3975     6.71682305E-001
  6.4025     6.80390902E-001
  6.4075     6.89098217E-001
  6.4125     6.97816444E-001
  6.4175     7.06531510E-001
  6.4225     7.15238465E-001
  6.4275     7.23947333E-001
  6.4325     7.32661087E-001
  6.4375     7.41385980E-001
  6.4425     7.50091338E-001
  6.4475     7.58800294E-001
  6.4525     7.67510647E-001
  6.4575     7.76237807E-001
  6.4625     7.84947307E-001
  6.4675     7.93659966E-001
  6.4725     8.02372197E-001
  6.4775     8.11073465E-001
  6.4825     8.19790267E-001
  6.4875     8.28515165E-001
  6.4925     8.37202764E-001
  6.4975     8.45938221E-001
  6.5025     8.54646657E-001
  6.5075     8.63362884E-001
  6.5125     8.72086848E-001
  6.5175     8.80782507E-001
  6.5225     8.89503231E-001
  6.5275     8.98222309E-001
  6.5325     9.06923138E-001
  6.5375     9.15622927E-001
  6.5425     9.24313829E-001
  6.5475     9.33028828E-001
  6.5525     9.41738650E-001
  6.5575     9.50462185E-001
  6.5625     9.59169529E-001
  6.5675     9.67881053E-001
  6.5725     9.76599997E-001
  6.5775     9.85321710E-001
  6.5825     9.94032557E-001
  6.5875     1.00274452E+000
  6.5925     1.01147442E+000
  6.5975     1.02019191E+000
  6.6025     1.02891013E+000
  6.6075     1.03763094E+000
  6.6125     1.04634796E+000
  6.6175     1.05507564E+000
  6.6225     1.06380092E+000
  6.6275     1.07251651E+000
  6.6325     1.08125610E+000
  6.6375     1.08997827E+000
  6.6425     1.09871161E+000
  6.6475     1.10743494E+000
  6.6525     1.11617919E+000
  6.6575     1.12490042E+000
  6.6625     1.13364189E+000
  6.6675     1.14236603E+000
  6.6725     1.15111493E+000
  6.6775     1.15984219E+000
  6.6825     1.16858565E+000
  6.6875     1.17733442E+000
  6.6925     1.18607401E+000
  6.6975     1.19481154E+000
  6.7025     1.20355453E+000
  6.7075     1.21230645E+000
  6.7125     1.22106747E+000
  6.7175     1.22982599E+000
  6.7225     1.23855461E+000
  6.7275     1.24731762E+000
  6.7325     1.25606895E+000
  6.7375     1.26482490E+000
  6.7425     1.27358527E+000
  6.7475     1.28234375E+000
  6.7525     1.29111480E+000
  6.7575     1.29987051E+000
  6.7625     1.30863546E+000
  6.7675     1.31741051E+000
  6.7725     1.32619462E+000
  6.7775     1.33496606E+000
  6.7825     1.34374610E+000
  6.7875     1.35252540E+000
  6.7925     1.36132226E+000
  6.7975     1.37009819E+000
  6.8025     1.37889366E+000
  6.8075     1.38768436E+000
  6.8125     1.39649403E+000
  6.8175     1.40528302E+000
  6.8225     1.41408106E+000
  6.8275     1.42288716E+000
  6.8325     1.43169030E+000
  6.8375     1.44049619E+000
  6.8425     1.44932169E+000
  6.8475     1.45812784E+000
  6.8525     1.46696354E+000
  6.8575     1.47576820E+000
  6.8625     1.48460166E+000
  6.8675     1.49342731E+000
  6.8725     1.50224694E+000
  6.8775     1.51108441E+000
  6.8825     1.51991526E+000
  6.8875     1.52876646E+000
  6.8925     1.53761217E+000
  6.8975     1.54645215E+000
  6.9025     1.55530456E+000
  6.9075     1.56415548E+000
  6.9125     1.57301753E+000
  6.9175     1.58188444E+000
  6.9225     1.59072756E+000
  6.9275     1.59959956E+000
  6.9325     1.60846032E+000
  6.9375     1.61732354E+000
  6.9425     1.62620322E+000
  6.9475     1.63508108E+000
  6.9525     1.64396204E+000
  6.9575     1.65285892E+000
  6.9625     1.66175436E+000
  6.9675     1.67064202E+000
  6.9725     1.67954750E+000
  6.9775     1.68844082E+000
  6.9825     1.69735350E+000
  6.9875     1.70626444E+000
  6.9925     1.71518799E+000
  6.9975     1.72409475E+000
  7.0025     1.73303909E+000
  7.0075     1.74196500E+000
  7.0125     1.75089917E+000
  7.0175     1.75984059E+000
  7.0225     1.76877702E+000
  7.0275     1.77772145E+000
  7.0325     1.78666637E+000
  7.0375     1.79563391E+000
  7.0425     1.80459517E+000
  7.0475     1.81357207E+000
  7.0525     1.82254024E+000
  7.0575     1.83150644E+000
  7.0625     1.84050351E+000
  7.0675     1.84947386E+000
  7.0725     1.85846038E+000
  7.0775     1.86746077E+000
  7.0825     1.87646220E+000
  7.0875     1.88546041E+000
  7.0925     1.89446224E+000
  7.0975     1.90346731E+000
  7.1025     1.91248142E+000
  7.1075     1.92149935E+000
  7.1125     1.93052384E+000
  7.1175     1.93956018E+000
  7.1225     1.94859136E+000
  7.1275     1.95762558E+000
  7.1325     1.96667710E+000
  7.1375     1.97571193E+000
  7.1425     1.98476112E+000
  7.1475     1.99381520E+000
  7.1525     2.00286516E+000
  7.1575     2.01192714E+000
  7.1625     2.02098283E+000
  7.1675     2.03006043E+000
  7.1725     2.03914179E+000
  7.1775     2.04821687E+000
  7.1825     2.05731548E+000
  7.1875     2.06641114E+000
  7.1925     2.07550723E+000
  7.1975     2.08461266E+000
  7.2025     2.09372453E+000
  7.2075     2.10283833E+000
  7.2125     2.11194680E+000
  7.2175     2.12107043E+000
  7.2225     2.13019632E+000
  7.2275     2.13933325E+000
  7.2325     2.14847792E+000
  7.2375     2.15761921E+000
  7.2425     2.16676147E+000
  7.2475     2.17592795E+000
  7.2525     2.18507614E+000
  7.2575     2.19424021E+000
  7.2625     2.20340152E+000
  7.2675     2.21258583E+000
  7.2725     2.22175759E+000
  7.2775     2.23094229E+000
  7.2825     2.24012971E+000
  7.2875     2.24933494E+000
  7.2925     2.25852752E+000
  7.2975     2.26773070E+000
  7.3025     2.27693441E+000
  7.3075     2.28614971E+000
  7.3125     2.29537346E+000
  7.3175     2.30459677E+000
  7.3225     2.31383013E+000
  7.3275     2.32308013E+000
  7.3325     2.33231917E+000
  7.3375     2.34156327E+000
  7.3425     2.35082641E+000
  7.3475     2.36007494E+000
  7.3525     2.36936074E+000
  7.3575     2.37863022E+000
  7.3625     2.38791541E+000
  7.3675     2.39717737E+000
  7.3725     2.40645985E+000
  7.3775     2.41575716E+000
  7.3825     2.42505199E+000
  7.3875     2.43434878E+000
  7.3925     2.44366611E+000
  7.3975     2.45297735E+000
  7.4025     2.46228264E+000
  7.4075     2.47160604E+000
  7.4125     2.48093133E+000
  7.4175     2.49028948E+000
  7.4225     2.49961578E+000
  7.4275     2.50897215E+000
  7.4325     2.51831702E+000
  7.4375     2.52768149E+000
  7.4425     2.53704711E+000
  7.4475     2.54641589E+000
  7.4525     2.55579299E+000
  7.4575     2.56515669E+000
  7.4625     2.57454050E+000
  7.4675     2.58392601E+000
  7.4725     2.59330745E+000
  7.4775     2.60270969E+000
  7.4825     2.61210537E+000
  7.4875     2.62152651E+000
  7.4925     2.63093335E+000
  7.4975     2.64036144E+000
  7.5025     2.64978924E+000
  7.5075     2.65921464E+000
  7.5125     2.66865036E+000
  7.5175     2.67810038E+000
  7.5225     2.68755561E+000
  7.5275     2.69700566E+000
  7.5325     2.70646894E+000
  7.5375     2.71593955E+000
  7.5425     2.72540928E+000
  7.5475     2.73489891E+000
  7.5525     2.74436043E+000
  7.5575     2.75385094E+000
  7.5625     2.76334236E+000
  7.5675     2.77284662E+000
  7.5725     2.78234469E+000
  7.5775     2.79185060E+000
  7.5825     2.80136116E+000
  7.5875     2.81088910E+000
  7.5925     2.82041248E+000
  7.5975     2.82993748E+000
  7.6025     2.83948978E+000
  7.6075     2.84901745E+000
  7.6125     2.85856571E+000
  7.6175     2.86813352E+000
  7.6225     2.87768178E+000
  7.6275     2.88725203E+000
  7.6325     2.89682597E+000
  7.6375     2.90638066E+000
  7.6425     2.91597395E+000
  7.6475     2.92556576E+000
  7.6525     2.93518537E+000
  7.6575     2.94477718E+000
  7.6625     2.95439206E+000
  7.6675     2.96399541E+000
  7.6725     2.97361384E+000
  7.6775     2.98324016E+000
  7.6825     2.99285899E+000
  7.6875     3.00250017E+000
  7.6925     3.01214171E+000
  7.6975     3.02177719E+000
  7.7025     3.03145819E+000
  7.7075     3.04112702E+000
  7.7125     3.05077949E+000
  7.7175     3.06046245E+000
  7.7225     3.07013826E+000
  7.7275     3.07980664E+000
  7.7325     3.08952501E+000
  7.7375     3.09919727E+000
  7.7425     3.10892067E+000
  7.7475     3.11860235E+000
  7.7525     3.12833250E+000
  7.7575     3.13806325E+000
  7.7625     3.14777573E+000
  7.7675     3.15750223E+000
  7.7725     3.16723687E+000
  7.7775     3.17699636E+000
  7.7825     3.18673283E+000
  7.7875     3.19649595E+000
  7.7925     3.20625962E+000
  7.7975     3.21602713E+000
  7.8025     3.22580532E+000
  7.8075     3.23558081E+000
  7.8125     3.24535434E+000
  7.8175     3.25514505E+000
  7.8225     3.26494818E+000
  7.8275     3.27474605E+000
  7.8325     3.28454615E+000
  7.8375     3.29435381E+000
  7.8425     3.30417549E+000
  7.8475     3.31399504E+000
  7.8525     3.32381815E+000
  7.8575     3.33366451E+000
  7.8625     3.34349135E+000
  7.8675     3.35333447E+000
  7.8725     3.36321078E+000
  7.8775     3.37306965E+000
  7.8825     3.38294065E+000
  7.8875     3.39280486E+000
  7.8925     3.40267925E+000
  7.8975     3.41254943E+000
  7.9025     3.42244836E+000
  7.9075     3.43233858E+000
  7.9125     3.44225675E+000
  7.9175     3.45217394E+000
  7.9225     3.46207915E+000
  7.9275     3.47200222E+000
  7.9325     3.48191827E+000
  7.9375     3.49183803E+000
  7.9425     3.50179082E+000
  7.9475     3.51169725E+000
  7.9525     3.52165453E+000
  7.9575     3.53160078E+000
  7.9625     3.54156152E+000
  7.9675     3.55151762E+000
  7.9725     3.56149963E+000
  7.9775     3.57146235E+000
  7.9825     3.58146262E+000
  7.9875     3.59144265E+000
  7.9925     3.60142837E+000
  7.9975     3.61141151E+000
  8.0025     3.62141334E+000
  8.0075     3.63143837E+000
  8.0125     3.64144023E+000
  8.0175     3.65144211E+000
  8.0225     3.66147715E+000
  8.0275     3.67150830E+000
  8.0325     3.68156391E+000
  8.0375     3.69159855E+000
  8.0425     3.70163939E+000
  8.0475     3.71168431E+000
  8.0525     3.72176188E+000
  8.0575     3.73179370E+000
  8.0625     3.74186763E+000
  8.0675     3.75195595E+000
  8.0725     3.76204640E+000
  8.0775     3.77212955E+000
  8.0825     3.78223276E+000
  8.0875     3.79232504E+000
  8.0925     3.80243545E+000
  8.0975     3.81256865E+000
  8.1025     3.82267426E+000
  8.1075     3.83278435E+000
  8.1125     3.84291657E+000
  8.1175     3.85306218E+000
  8.1225     3.86320946E+000
  8.1275     3.87335568E+000
  8.1325     3.88351086E+000
  8.1375     3.89366052E+000
  8.1425     3.90382725E+000
  8.1475     3.91399070E+000
  8.1525     3.92420194E+000
  8.1575     3.93436208E+000
  8.1625     3.94455573E+000
  8.1675     3.95473753E+000
  8.1725     3.96495119E+000
  8.1775     3.97515430E+000
  8.1825     3.98536151E+000
  8.1875     3.99559975E+000
  8.1925     4.00581295E+000
  8.1975     4.01605136E+000
  8.2025     4.02627202E+000
  8.2075     4.03653468E+000
  8.2125     4.04677283E+000
  8.2175     4.05700780E+000
  8.2225     4.06727315E+000
  8.2275     4.07753584E+000
  8.2325     4.08780443E+000
  8.2375     4.09807431E+000
  8.2425     4.10837239E+000
  8.2475     4.11866462E+000
  8.2525     4.12896558E+000
  8.2575     4.13925636E+000
  8.2625     4.14956108E+000
  8.2675     4.15988583E+000
  8.2725     4.17017737E+000
  8.2775     4.18049944E+000
  8.2825     4.19083410E+000
  8.2875     4.20114560E+000
  8.2925     4.21150113E+000
  8.2975     4.22183757E+000
  8.3025     4.23219813E+000
  8.3075     4.24255989E+000
  8.3125     4.25291683E+000
  8.3175     4.26327097E+000
  8.3225     4.27365068E+000
  8.3275     4.28404740E+000
  8.3325     4.29442506E+000
  8.3375     4.30480650E+000
  8.3425     4.31520429E+000
  8.3475     4.32560061E+000
  8.3525     4.33600365E+000
  8.3575     4.34642687E+000
  8.3625     4.35685049E+000
  8.3675     4.36727732E+000
  8.3725     4.37772238E+000
  8.3775     4.38814541E+000
  8.3825     4.39859288E+000
  8.3875     4.40905393E+000
  8.3925     4.41951741E+000
  8.3975     4.42997150E+000
  8.4025     4.44043660E+000
  8.4075     4.45090516E+000
  8.4125     4.46139407E+000
  8.4175     4.47189199E+000
  8.4225     4.48236778E+000
  8.4275     4.49285194E+000
  8.4325     4.50336166E+000
  8.4375     4.51386203E+000
  8.4425     4.52437939E+000
  8.4475     4.53490775E+000
  8.4525     4.54540605E+000
  8.4575     4.55594020E+000
  8.4625     4.56646553E+000
  8.4675     4.57701247E+000
  8.4725     4.58755492E+000
  8.4775     4.59810967E+000
  8.4825     4.60866173E+000
  8.4875     4.61922703E+000
  8.4925     4.62979755E+000
  8.4975     4.64036544E+000
  8.5025     4.65095251E+000
  8.5075     4.66153301E+000
  8.5125     4.67211602E+000
  8.5175     4.68272059E+000
  8.5225     4.69332590E+000
  8.5275     4.70391711E+000
  8.5325     4.71455054E+000
  8.5375     4.72517753E+000
  8.5425     4.73579846E+000
  8.5475     4.74641354E+000
  8.5525     4.75705418E+000
  8.5575     4.76768270E+000
  8.5625     4.77834037E+000
  8.5675     4.78899249E+000
  8.5725     4.79964386E+000
  8.5775     4.81031576E+000
  8.5825     4.82096482E+000
  8.5875     4.83163692E+000
  8.5925     4.84232384E+000
  8.5975     4.85300753E+000
  8.6025     4.86369885E+000
  8.6075     4.87437810E+000
  8.6125     4.88509111E+000
  8.6175     4.89576729E+000
  8.6225     4.90647203E+000
  8.6275     4.91717744E+000
  8.6325     4.92789187E+000
  8.6375     4.93862871E+000
  8.6425     4.94936666E+000
  8.6475     4.96008612E+000
  8.6525     4.97082787E+000
  8.6575     4.98156728E+000
  8.6625     4.99232395E+000
  8.6675     5.00307317E+000
  8.6725     5.01383508E+000
  8.6775     5.02461018E+000
  8.6825     5.03537009E+000
  8.6875     5.04617001E+000
  8.6925     5.05693638E+000
  8.6975     5.06774014E+000
  8.7025     5.07853825E+000
  8.7075     5.08933473E+000
  8.7125     5.10015048E+000
  8.7175     5.11095816E+000
  8.7225     5.12176451E+000
  8.7275     5.13260586E+000
  8.7325     5.14344969E+000
  8.7375     5.15425582E+000
  8.7425     5.16509338E+000
  8.7475     5.17592552E+000
  8.7525     5.18676181E+000
  8.7575     5.19759246E+000
  8.7625     5.20844674E+000
  8.7675     5.21930962E+000
  8.7725     5.23017052E+000
  8.7775     5.24105568E+000
  8.7825     5.25192206E+000
  8.7875     5.26280104E+000
  8.7925     5.27367733E+000
  8.7975     5.28455429E+000
  8.8025     5.29546056E+000
  8.8075     5.30636588E+000
  8.8125     5.31725323E+000
  8.8175     5.32816766E+000
  8.8225     5.33906866E+000
  8.8275     5.34999632E+000
  8.8325     5.36094839E+000
  8.8375     5.37189515E+000
  8.8425     5.38283011E+000
  8.8475     5.39375143E+000
  8.8525     5.40469579E+000
  8.8575     5.41568224E+000
  8.8625     5.42661603E+000
  8.8675     5.43759560E+000
  8.8725     5.44855443E+000
  8.8775     5.45952491E+000
  8.8825     5.47050594E+000
  8.8875     5.48149984E+000
  8.8925     5.49247640E+000
  8.8975     5.50345847E+000
  8.9025     5.51446490E+000
  8.9075     5.52545800E+000
  8.9125     5.53646058E+000
  8.9175     5.54745822E+000
  8.9225     5.55847021E+000
  8.9275     5.56948290E+000
  8.9325     5.58049600E+000
  8.9375     5.59155527E+000
  8.9425     5.60256142E+000
  8.9475     5.61362143E+000
  8.9525     5.62464558E+000
  8.9575     5.63572074E+000
  8.9625     5.64676637E+000
  8.9675     5.65781848E+000
  8.9725     5.66888892E+000
  8.9775     5.67992730E+000
  8.9825     5.69101728E+000
  8.9875     5.70207574E+000
  8.9925     5.71315984E+000
  8.9975     5.72424882E+000
  9.0025     5.73535478E+000
  9.0075     5.74638303E+000
  9.0125     5.75747490E+000
  9.0175     5.76860889E+000
  9.0225     5.77973158E+000
  9.0275     5.79084896E+000
  9.0325     5.80192047E+000
  9.0375     5.81304295E+000
  9.0425     5.82416608E+000
  9.0475     5.83527510E+000
  9.0525     5.84636981E+000
  9.0575     5.85749051E+000
  9.0625     5.86861276E+000
  9.0675     5.87974995E+000
  9.0725     5.89089057E+000
  9.0775     5.90201989E+000
  9.0825     5.91313378E+000
  9.0875     5.92426072E+000
  9.0925     5.93538194E+000
  9.0975     5.94651704E+000
  9.1025     5.95766062E+000
  9.1075     5.96880348E+000
  9.1125     5.97995685E+000
  9.1175     5.99113622E+000
  9.1225     6.00228596E+000
  9.1275     6.01345778E+000
  9.1325     6.02461357E+000
  9.1375     6.03580316E+000
  9.1425     6.04696872E+000
  9.1475     6.05814533E+000
  9.1525     6.06933262E+000
  9.1575     6.08052807E+000
  9.1625     6.09170501E+000
  9.1675     6.10289592E+000
  9.1725     6.11406859E+000
  9.1775     6.12526543E+000
  9.1825     6.13648134E+000
  9.1875     6.14765041E+000
  9.1925     6.15884537E+000
  9.1975     6.17005227E+000
  9.2025     6.18121898E+000
  9.2075     6.19243682E+000
  9.2125     6.20366844E+000
  9.2175     6.21485807E+000
  9.2225     6.22605381E+000
  9.2275     6.23726465E+000
  9.2325     6.24850476E+000
  9.2375     6.25968936E+000
  9.2425     6.27089931E+000
  9.2475     6.28216000E+000
  9.2525     6.29337232E+000
  9.2575     6.30463169E+000
  9.2625     6.31589072E+000
  9.2675     6.32711465E+000
  9.2725     6.33839022E+000
  9.2775     6.34966629E+000
  9.2825     6.36093819E+000
  9.2875     6.37222375E+000
  9.2925     6.38349534E+000
  9.2975     6.39476528E+000
  9.3025     6.40609070E+000
  9.3075     6.41735548E+000
  9.3125     6.42865151E+000
  9.3175     6.43993460E+000
  9.3225     6.45124793E+000
  9.3275     6.46255224E+000
  9.3325     6.47385800E+000
  9.3375     6.48513868E+000
  9.3425     6.49644270E+000
  9.3475     6.50774507E+000
  9.3525     6.51904002E+000
  9.3575     6.53035683E+000
  9.3625     6.54169172E+000
  9.3675     6.55297866E+000
  9.3725     6.56429045E+000
  9.3775     6.57560995E+000
  9.3825     6.58690179E+000
  9.3875     6.59821690E+000
  9.3925     6.60955534E+000
  9.3975     6.62086675E+000
  9.4025     6.63218676E+000
  9.4075     6.64351806E+000
  9.4125     6.65483466E+000
  9.4175     6.66613993E+000
  9.4225     6.67744800E+000
  9.4275     6.68878844E+000
  9.4325     6.70008377E+000
  9.4375     6.71145882E+000
  9.4425     6.72275633E+000
  9.4475     6.73408260E+000
  9.4525     6.74545024E+000
  9.4575     6.75675444E+000
  9.4625     6.76809046E+000
  9.4675     6.77939469E+000
  9.4725     6.79076277E+000
  9.4775     6.80205332E+000
  9.4825     6.81335884E+000
  9.4875     6.82464900E+000
  9.4925     6.83598069E+000
  9.4975     6.84728296E+000
  9.5025     6.85860897E+000
  9.5075     6.86989487E+000
  9.5125     6.88117372E+000
  9.5175     6.89244678E+000
  9.5225     6.90373947E+000
  9.5275     6.91499049E+000
  9.5325     6.92627952E+000
  9.5375     6.93756623E+000
  9.5425     6.94884895E+000
  9.5475     6.96014375E+000
  9.5525     6.97139189E+000
  9.5575     6.98267648E+000
  9.5625     6.99395116E+000
  9.5675     7.00522015E+000
  9.5725     7.01651770E+000
  9.5775     7.02779182E+000
  9.5825     7.03910254E+000
  9.5875     7.05040315E+000
  9.5925     7.06169785E+000
  9.5975     7.07301599E+000
  9.6025     7.08429292E+000
  9.6075     7.09557476E+000
  9.6125     7.10685619E+000
  9.6175     7.11812913E+000
  9.6225     7.12943068E+000
  9.6275     7.14071055E+000
  9.6325     7.15202831E+000
  9.6375     7.16332196E+000
  9.6425     7.17459181E+000
  9.6475     7.18590549E+000
  9.6525     7.19718839E+000
  9.6575     7.20844544E+000
  9.6625     7.21978173E+000
  9.6675     7.23108015E+000
  9.6725     7.24237606E+000
  9.6775     7.25367042E+000
  9.6825     7.26495698E+000
  9.6875     7.27623967E+000
  9.6925     7.28752905E+000
  9.6975     7.29885508E+000
  9.7025     7.31014225E+000
  9.7075     7.32140786E+000
  9.7125     7.33273276E+000
  9.7175     7.34399840E+000
  9.7225     7.35532632E+000
  9.7275     7.36661947E+000
  9.7325     7.37791287E+000
  9.7375     7.38920795E+000
  9.7425     7.40051502E+000
  9.7475     7.41181485E+000
  9.7525     7.42312265E+000
  9.7575     7.43447520E+000
  9.7625     7.44575029E+000
  9.7675     7.45705948E+000
  9.7725     7.46832282E+000
  9.7775     7.47967429E+000
  9.7825     7.49099790E+000
  9.7875     7.50229003E+000
  9.7925     7.51358613E+000
  9.7975     7.52484838E+000
  9.8025     7.53618031E+000
  9.8075     7.54746875E+000
  9.8125     7.55877580E+000
  9.8175     7.57007216E+000
  9.8225     7.58141741E+000
  9.8275     7.59270401E+000
  9.8325     7.60400810E+000
  9.8375     7.61530528E+000
  9.8425     7.62662992E+000
  9.8475     7.63794587E+000
  9.8525     7.64924316E+000
  9.8575     7.66056536E+000
  9.8625     7.67188032E+000
  9.8675     7.68319018E+000
  9.8725     7.69448210E+000
  9.8775     7.70579960E+000
  9.8825     7.71713176E+000
  9.8875     7.72841962E+000
  9.8925     7.73976885E+000
  9.8975     7.75105196E+000
  9.9025     7.76237835E+000
  9.9075     7.77370412E+000
  9.9125     7.78502374E+000
  9.9175     7.79632348E+000
  9.9225     7.80763790E+000
  9.9275     7.81894027E+000
  9.9325     7.83026449E+000
  9.9375     7.84160621E+000
  9.9425     7.85290117E+000
  9.9475     7.86423832E+000
  9.9525     7.87554708E+000
  9.9575     7.88683849E+000
  9.9625     7.89816178E+000
  9.9675     7.90951425E+000
  9.9725     7.92083965E+000
  9.9775     7.93215930E+000
  9.9825     7.94344797E+000
  9.9875     7.95478424E+000
  9.9925     7.96611692E+000
  9.9975     7.97745900E+000
 10.0025     7.98881748E+000
 10.0075     8.00010862E+000
 10.0125     8.01147972E+000
 10.0175     8.02278517E+000
 10.0225     8.03415675E+000
 10.0275     8.04553195E+000
 10.0325     8.05681275E+000
 10.0375     8.06815096E+000
 10.0425     8.07948727E+000
 10.0475     8.09084029E+000
 10.0525     8.10214672E+000
 10.0575     8.11346076E+000
 10.0625     8.12478009E+000
 10.0675     8.13610168E+000
 10.0725     8.14746104E+000
 10.0775     8.15878719E+000
 10.0825     8.17004974E+000
 10.0875     8.18136545E+000
 10.0925     8.19269603E+000
 10.0975     8.20397804E+000
 10.1025     8.21530066E+000
 10.1075     8.22660997E+000
 10.1125     8.23792827E+000
 10.1175     8.24923500E+000
 10.1225     8.26051679E+000
 10.1275     8.27184442E+000
 10.1325     8.28315350E+000
 10.1375     8.29447108E+000
 10.1425     8.30575432E+000
 10.1475     8.31704896E+000
 10.1525     8.32836499E+000
 10.1575     8.33967936E+000
 10.1625     8.35095831E+000
 10.1675     8.36225665E+000
 10.1725     8.37357962E+000
 10.1775     8.38487474E+000
 10.1825     8.39621463E+000
 10.1875     8.40746819E+000
 10.1925     8.41880052E+000
 10.1975     8.43008863E+000
 10.2025     8.44138859E+000
 10.2075     8.45269002E+000
 10.2125     8.46400900E+000
 10.2175     8.47525378E+000
 10.2225     8.48661231E+000
 10.2275     8.49784849E+000
 10.2325     8.50919613E+000
 10.2375     8.52054114E+000
 10.2425     8.53178827E+000
 10.2475     8.54307364E+000
 10.2525     8.55435520E+000
 10.2575     8.56566884E+000
 10.2625     8.57696201E+000
 10.2675     8.58830872E+000
 10.2725     8.59966336E+000
 10.2775     8.61093845E+000
 10.2825     8.62215636E+000
 10.2875     8.63349799E+000
 10.2925     8.64484846E+000
 10.2975     8.65619176E+000
 10.3025     8.66736107E+000
 10.3075     8.67862180E+000
 10.3125     8.69025131E+000
 10.3175     8.70157673E+000
 10.3225     8.71280579E+000
 10.3275     8.72385137E+000
 10.3325     8.73535190E+000
 10.3375     8.74678290E+000
 10.3425     8.75842660E+000
 10.3475     8.76957274E+000
 10.3525     8.78089663E+000
 10.3575     8.79271630E+000
 10.3625     8.80357553E+000
 10.3675     8.81555993E+000
 10.3725     8.82631956E+000
 10.3775     8.83834000E+000
 10.3825     8.84922292E+000
 10.3875     8.86200302E+000
 10.3925     8.87195516E+000
 10.3975     8.88461821E+000
 10.4025     8.89517682E+000
 10.4075     8.90545255E+000
 10.4125     8.91632482E+000
 10.4175     8.92732036E+000
 10.4225     8.93992349E+000
 10.4275     8.94959679E+000
 10.4325     8.96000975E+000
 10.4375     8.97539734E+000
 10.4425     8.98131604E+000
 10.4475     8.99701131E+000
 10.4525     9.00806131E+000
 10.4575     9.01642558E+000
 10.4625     9.03570592E+000
 10.4675     9.03349410E+000
 10.4725     9.04659814E+000
 10.4775     9.07017984E+000
 10.4825     9.08524382E+000
 10.4875     9.08037408E+000
 10.4925     9.10652759E+000
