  0.0025     1.30528389E-002
  0.0075     1.26166122E-003
  0.0125     0.00000000E+000
  0.0175     1.97150070E-003
  0.0225     5.35338508E-003
  0.0275     9.47249625E-003
  0.0325     1.39976635E-002
  0.0375     1.87484876E-002
  0.0425     2.36085311E-002
  0.0475     2.85423988E-002
  0.0525     3.35061114E-002
  0.0575     3.84995981E-002
  0.0625     4.35056095E-002
  0.0675     4.85108964E-002
  0.0725     5.35167564E-002
  0.0775     5.85313216E-002
  0.0825     6.35427849E-002
  0.0875     6.85557735E-002
  0.0925     7.35591415E-002
  0.0975     7.85804726E-002
  0.1025     8.36008433E-002
  0.1075     8.86517003E-002
  0.1125     9.37076240E-002
  0.1175     9.87438511E-002
  0.1225     1.03790314E-001
  0.1275     1.08827513E-001
  0.1325     1.13872857E-001
  0.1375     1.18909938E-001
  0.1425     1.23940187E-001
  0.1475     1.28976482E-001
  0.1525     1.33995508E-001
  0.1575     1.39024019E-001
  0.1625     1.44050171E-001
  0.1675     1.49075788E-001
  0.1725     1.54108338E-001
  0.1775     1.59141352E-001
  0.1825     1.64168121E-001
  0.1875     1.69201806E-001
  0.1925     1.74236331E-001
  0.1975     1.79269801E-001
  0.2025     1.84304501E-001
  0.2075     1.89334084E-001
  0.2125     1.94357778E-001
  0.2175     1.99385190E-001
  0.2225     2.04417060E-001
  0.2275     2.09442981E-001
  0.2325     2.14476001E-001
  0.2375     2.19507312E-001
  0.2425     2.24537746E-001
  0.2475     2.29577233E-001
  0.2525     2.34606161E-001
  0.2575     2.39634344E-001
  0.2625     2.44658082E-001
  0.2675     2.49688011E-001
  0.2725     2.54711854E-001
  0.2775     2.59745271E-001
  0.2825     2.64778759E-001
  0.2875     2.69811249E-001
  0.2925     2.74841127E-001
  0.2975     2.79882072E-001
  0.3025     2.84905045E-001
  0.3075     2.89934127E-001
  0.3125     2.94962298E-001
  0.3175     2.99993983E-001
  0.3225     3.05015868E-001
  0.3275     3.10036330E-001
  0.3325     3.15075097E-001
  0.3375     3.20118064E-001
  0.3425     3.25151839E-001
  0.3475     3.30180739E-001
  0.3525     3.35216039E-001
  0.3575     3.40244866E-001
  0.3625     3.45272441E-001
  0.3675     3.50292113E-001
  0.3725     3.55325890E-001
  0.3775     3.60357682E-001
  0.3825     3.65392095E-001
  0.3875     3.70426542E-001
  0.3925     3.75457084E-001
  0.3975     3.80490703E-001
  0.4025     3.85519071E-001
  0.4075     3.90550660E-001
  0.4125     3.95577920E-001
  0.4175     4.00610461E-001
  0.4225     4.05635961E-001
  0.4275     4.10659551E-001
  0.4325     4.15707720E-001
  0.4375     4.20734699E-001
  0.4425     4.25765410E-001
  0.4475     4.30794399E-001
  0.4525     4.35822661E-001
  0.4575     4.40856209E-001
  0.4625     4.45874507E-001
  0.4675     4.50892640E-001
  0.4725     4.55922207E-001
  0.4775     4.60951463E-001
  0.4825     4.65987163E-001
  0.4875     4.71023924E-001
  0.4925     4.76064491E-001
  0.4975     4.81100008E-001
  0.5025     4.86123687E-001
  0.5075     4.91145632E-001
  0.5125     4.96182439E-001
  0.5175     5.01207562E-001
  0.5225     5.06238590E-001
  0.5275     5.11277642E-001
  0.5325     5.16300852E-001
  0.5375     5.21332735E-001
  0.5425     5.26371511E-001
  0.5475     5.31409618E-001
  0.5525     5.36438048E-001
  0.5575     5.41460916E-001
  0.5625     5.46480259E-001
  0.5675     5.51505951E-001
  0.5725     5.56535768E-001
  0.5775     5.61567865E-001
  0.5825     5.66595669E-001
  0.5875     5.71638132E-001
  0.5925     5.76675577E-001
  0.5975     5.81712374E-001
  0.6025     5.86746035E-001
  0.6075     5.91774008E-001
  0.6125     5.96795093E-001
  0.6175     6.01815954E-001
  0.6225     6.06847107E-001
  0.6275     6.11877502E-001
  0.6325     6.16904764E-001
  0.6375     6.21938411E-001
  0.6425     6.26973991E-001
  0.6475     6.32003466E-001
  0.6525     6.37031876E-001
  0.6575     6.42066757E-001
  0.6625     6.47094487E-001
  0.6675     6.52123330E-001
  0.6725     6.57143036E-001
  0.6775     6.62180501E-001
  0.6825     6.67201079E-001
  0.6875     6.72234115E-001
  0.6925     6.77266485E-001
  0.6975     6.82285033E-001
  0.7025     6.87311736E-001
  0.7075     6.92341502E-001
  0.7125     6.97364519E-001
  0.7175     7.02397972E-001
  0.7225     7.07430401E-001
  0.7275     7.12461767E-001
  0.7325     7.17490430E-001
  0.7375     7.22530583E-001
  0.7425     7.27562474E-001
  0.7475     7.32605796E-001
  0.7525     7.37639261E-001
  0.7575     7.42659823E-001
  0.7625     7.47687479E-001
  0.7675     7.52711500E-001
  0.7725     7.57737098E-001
  0.7775     7.62779524E-001
  0.7825     7.67805521E-001
  0.7875     7.72840251E-001
  0.7925     7.77882855E-001
  0.7975     7.82914189E-001
  0.8025     7.87939713E-001
  0.8075     7.92971094E-001
  0.8125     7.97992350E-001
  0.8175     8.03024354E-001
  0.8225     8.08058071E-001
  0.8275     8.13085047E-001
  0.8325     8.18116740E-001
  0.8375     8.23155205E-001
  0.8425     8.28188323E-001
  0.8475     8.33216879E-001
  0.8525     8.38245319E-001
  0.8575     8.43273256E-001
  0.8625     8.48304362E-001
  0.8675     8.53322488E-001
  0.8725     8.58359773E-001
  0.8775     8.63381277E-001
  0.8825     8.68415901E-001
  0.8875     8.73455595E-001
  0.8925     8.78482130E-001
  0.8975     8.83516457E-001
  0.9025     8.88540931E-001
  0.9075     8.93575957E-001
  0.9125     8.98601397E-001
  0.9175     9.03632523E-001
  0.9225     9.08657813E-001
  0.9275     9.13683940E-001
  0.9325     9.18714768E-001
  0.9375     9.23747034E-001
  0.9425     9.28787226E-001
  0.9475     9.33819774E-001
  0.9525     9.38853129E-001
  0.9575     9.43881682E-001
  0.9625     9.48908801E-001
  0.9675     9.53921666E-001
  0.9725     9.58957255E-001
  0.9775     9.63979832E-001
  0.9825     9.69017258E-001
  0.9875     9.74040510E-001
  0.9925     9.79064311E-001
  0.9975     9.84079497E-001
  1.0025     9.84635137E-001
  1.0075     9.92785872E-001
  1.0125     1.00537191E+000
  1.0175     1.01929561E+000
  1.0225     1.03379567E+000
  1.0275     1.04860933E+000
  1.0325     1.06357337E+000
  1.0375     1.07863417E+000
  1.0425     1.09374767E+000
  1.0475     1.10888241E+000
  1.0525     1.12402858E+000
  1.0575     1.13918746E+000
  1.0625     1.15436773E+000
  1.0675     1.16953234E+000
  1.0725     1.18470512E+000
  1.0775     1.19989697E+000
  1.0825     1.21507992E+000
  1.0875     1.23029361E+000
  1.0925     1.24546782E+000
  1.0975     1.26064094E+000
  1.1025     1.27583390E+000
  1.1075     1.29100143E+000
  1.1125     1.30619694E+000
  1.1175     1.32139501E+000
  1.1225     1.33652845E+000
  1.1275     1.35171014E+000
  1.1325     1.36690100E+000
  1.1375     1.38208420E+000
  1.1425     1.39728243E+000
  1.1475     1.41245543E+000
  1.1525     1.42762529E+000
  1.1575     1.44279700E+000
  1.1625     1.45796648E+000
  1.1675     1.47315373E+000
  1.1725     1.48831386E+000
  1.1775     1.50352607E+000
  1.1825     1.51870533E+000
  1.1875     1.53389256E+000
  1.1925     1.54910344E+000
  1.1975     1.56426001E+000
  1.2025     1.57942802E+000
  1.2075     1.59459521E+000
  1.2125     1.60976402E+000
  1.2175     1.62493463E+000
  1.2225     1.64012670E+000
  1.2275     1.65528930E+000
  1.2325     1.67047807E+000
  1.2375     1.68566757E+000
  1.2425     1.70085888E+000
  1.2475     1.71603904E+000
  1.2525     1.73118901E+000
  1.2575     1.74637880E+000
  1.2625     1.76157142E+000
  1.2675     1.77675628E+000
  1.2725     1.79191990E+000
  1.2775     1.80710893E+000
  1.2825     1.82228481E+000
  1.2875     1.83748171E+000
  1.2925     1.85269243E+000
  1.2975     1.86788380E+000
  1.3025     1.88308263E+000
  1.3075     1.89826531E+000
  1.3125     1.91344073E+000
  1.3175     1.92860946E+000
  1.3225     1.94377576E+000
  1.3275     1.95897140E+000
  1.3325     1.97412935E+000
  1.3375     1.98933833E+000
  1.3425     2.00451828E+000
  1.3475     2.01971302E+000
  1.3525     2.03488929E+000
  1.3575     2.05007063E+000
  1.3625     2.06524332E+000
  1.3675     2.08039814E+000
  1.3725     2.09560278E+000
  1.3775     2.11077354E+000
  1.3825     2.12595317E+000
  1.3875     2.14115336E+000
  1.3925     2.15635866E+000
  1.3975     2.17149405E+000
  1.4025     2.18668021E+000
  1.4075     2.20186279E+000
  1.4125     2.21703116E+000
  1.4175     2.23219874E+000
  1.4225     2.24734832E+000
  1.4275     2.26255059E+000
  1.4325     2.27774546E+000
  1.4375     2.29296532E+000
  1.4425     2.30814905E+000
  1.4475     2.32334129E+000
  1.4525     2.33852508E+000
  1.4575     2.35368053E+000
  1.4625     2.36885648E+000
  1.4675     2.38405811E+000
  1.4725     2.39920894E+000
  1.4775     2.41441317E+000
  1.4825     2.42958369E+000
  1.4875     2.44480395E+000
  1.4925     2.46001453E+000
  1.4975     2.47519373E+000
  1.5025     2.49042206E+000
  1.5075     2.50553776E+000
  1.5125     2.52071116E+000
  1.5175     2.53588810E+000
  1.5225     2.55108496E+000
  1.5275     2.56626267E+000
  1.5325     2.58143830E+000
  1.5375     2.59667315E+000
  1.5425     2.61184677E+000
  1.5475     2.62703279E+000
  1.5525     2.64224802E+000
  1.5575     2.65746334E+000
  1.5625     2.67264936E+000
  1.5675     2.68782750E+000
  1.5725     2.70301641E+000
  1.5775     2.71818905E+000
  1.5825     2.73333626E+000
  1.5875     2.74852588E+000
  1.5925     2.76374787E+000
  1.5975     2.77890685E+000
  1.6025     2.79414232E+000
  1.6075     2.80934414E+000
  1.6125     2.82450812E+000
  1.6175     2.83970937E+000
  1.6225     2.85485955E+000
  1.6275     2.87005323E+000
  1.6325     2.88519205E+000
  1.6375     2.90041757E+000
  1.6425     2.91561442E+000
  1.6475     2.93083785E+000
  1.6525     2.94605028E+000
  1.6575     2.96122763E+000
  1.6625     2.97641813E+000
  1.6675     2.99163616E+000
  1.6725     3.00681391E+000
  1.6775     3.02201624E+000
  1.6825     3.03717665E+000
  1.6875     3.05237730E+000
  1.6925     3.06754442E+000
  1.6975     3.08274448E+000
  1.7025     3.09792580E+000
  1.7075     3.11310578E+000
  1.7125     3.12826209E+000
  1.7175     3.14346352E+000
  1.7225     3.15858526E+000
  1.7275     3.17371857E+000
  1.7325     3.18889984E+000
  1.7375     3.20405407E+000
  1.7425     3.21926854E+000
  1.7475     3.23441087E+000
  1.7525     3.24955875E+000
  1.7575     3.26475305E+000
  1.7625     3.27994634E+000
  1.7675     3.29512690E+000
  1.7725     3.31031882E+000
  1.7775     3.32552435E+000
  1.7825     3.34069616E+000
  1.7875     3.35588369E+000
  1.7925     3.37098957E+000
  1.7975     3.38617238E+000
  1.8025     3.40135440E+000
  1.8075     3.41650786E+000
  1.8125     3.43168658E+000
  1.8175     3.44692620E+000
  1.8225     3.46208579E+000
  1.8275     3.47731628E+000
  1.8325     3.49249131E+000
  1.8375     3.50767500E+000
  1.8425     3.52286061E+000
  1.8475     3.53809355E+000
  1.8525     3.55330794E+000
  1.8575     3.56850099E+000
  1.8625     3.58372685E+000
  1.8675     3.59892268E+000
  1.8725     3.61403377E+000
  1.8775     3.62923280E+000
  1.8825     3.64437955E+000
  1.8875     3.65953185E+000
  1.8925     3.67470621E+000
  1.8975     3.68985100E+000
  1.9025     3.70498080E+000
  1.9075     3.72023695E+000
  1.9125     3.73550516E+000
  1.9175     3.75073534E+000
  1.9225     3.76591268E+000
  1.9275     3.78110104E+000
  1.9325     3.79633403E+000
  1.9375     3.81148335E+000
  1.9425     3.82665740E+000
  1.9475     3.84189269E+000
  1.9525     3.85710656E+000
  1.9575     3.87228799E+000
  1.9625     3.88747010E+000
  1.9675     3.90274029E+000
  1.9725     3.91795466E+000
  1.9775     3.93322418E+000
  1.9825     3.94846952E+000
  1.9875     3.96388161E+000
  1.9925     3.97947394E+000
  1.9975     3.99542792E+000
  2.0025     4.01266152E+000
  2.0075     4.03817440E+000
  2.0125     4.06369856E+000
  2.0175     4.08918019E+000
  2.0225     4.11466571E+000
  2.0275     4.14015658E+000
  2.0325     4.16569728E+000
  2.0375     4.19124997E+000
  2.0425     4.21671490E+000
  2.0475     4.24213671E+000
  2.0525     4.26752464E+000
  2.0575     4.29297270E+000
  2.0625     4.31851302E+000
  2.0675     4.34412506E+000
  2.0725     4.36947217E+000
  2.0775     4.39491365E+000
  2.0825     4.42044223E+000
  2.0875     4.44599828E+000
  2.0925     4.47145306E+000
  2.0975     4.49693184E+000
  2.1025     4.52236980E+000
  2.1075     4.54773274E+000
  2.1125     4.57313504E+000
  2.1175     4.59851308E+000
  2.1225     4.62404464E+000
  2.1275     4.64948651E+000
  2.1325     4.67502948E+000
  2.1375     4.70068403E+000
  2.1425     4.72626741E+000
  2.1475     4.75176656E+000
  2.1525     4.77720432E+000
  2.1575     4.80266707E+000
  2.1625     4.82827006E+000
  2.1675     4.85372068E+000
  2.1725     4.87897895E+000
  2.1775     4.90432548E+000
  2.1825     4.92975343E+000
  2.1875     4.95502318E+000
  2.1925     4.98043166E+000
  2.1975     5.00574383E+000
  2.2025     5.03115472E+000
  2.2075     5.05676299E+000
  2.2125     5.08245647E+000
  2.2175     5.10804821E+000
  2.2225     5.13345642E+000
  2.2275     5.15898114E+000
  2.2325     5.18436979E+000
  2.2375     5.20969748E+000
  2.2425     5.23514572E+000
  2.2475     5.26067138E+000
  2.2525     5.28625326E+000
  2.2575     5.31182766E+000
  2.2625     5.33724704E+000
  2.2675     5.36260096E+000
  2.2725     5.38824299E+000
  2.2775     5.41380534E+000
  2.2825     5.43929239E+000
  2.2875     5.46475066E+000
  2.2925     5.49030013E+000
  2.2975     5.51579395E+000
  2.3025     5.54111275E+000
  2.3075     5.56645451E+000
  2.3125     5.59196043E+000
  2.3175     5.61753663E+000
  2.3225     5.64304792E+000
  2.3275     5.66851961E+000
  2.3325     5.69375601E+000
  2.3375     5.71939356E+000
  2.3425     5.74516538E+000
  2.3475     5.77058841E+000
  2.3525     5.79605821E+000
  2.3575     5.82170024E+000
  2.3625     5.84724708E+000
  2.3675     5.87263426E+000
  2.3725     5.89817462E+000
  2.3775     5.92396005E+000
  2.3825     5.94932232E+000
  2.3875     5.97494066E+000
  2.3925     6.00060419E+000
  2.3975     6.02596161E+000
  2.4025     6.05146241E+000
  2.4075     6.07701519E+000
  2.4125     6.10250586E+000
  2.4175     6.12802020E+000
  2.4225     6.15370974E+000
  2.4275     6.17928434E+000
  2.4325     6.20473380E+000
  2.4375     6.23009034E+000
  2.4425     6.25538233E+000
  2.4475     6.28052841E+000
  2.4525     6.30599521E+000
  2.4575     6.33117678E+000
  2.4625     6.35664816E+000
  2.4675     6.38198914E+000
  2.4725     6.40746071E+000
  2.4775     6.43291250E+000
  2.4825     6.45845327E+000
  2.4875     6.48416467E+000
  2.4925     6.50970808E+000
  2.4975     6.53526666E+000
  2.5025     6.56058664E+000
  2.5075     6.58591687E+000
  2.5125     6.61112694E+000
  2.5175     6.63635394E+000
  2.5225     6.66199075E+000
  2.5275     6.68735009E+000
  2.5325     6.71294012E+000
  2.5375     6.73856474E+000
  2.5425     6.76387502E+000
  2.5475     6.78936555E+000
  2.5525     6.81491011E+000
  2.5575     6.84043385E+000
  2.5625     6.86581904E+000
  2.5675     6.89151549E+000
  2.5725     6.91705183E+000
  2.5775     6.94236722E+000
  2.5825     6.96811153E+000
  2.5875     6.99344460E+000
  2.5925     7.01861333E+000
  2.5975     7.04356924E+000
  2.6025     7.06864651E+000
  2.6075     7.09424515E+000
  2.6125     7.11951096E+000
  2.6175     7.14495539E+000
  2.6225     7.17068161E+000
  2.6275     7.19598903E+000
  2.6325     7.22150197E+000
  2.6375     7.24730141E+000
  2.6425     7.27253919E+000
  2.6475     7.29751609E+000
  2.6525     7.32285930E+000
  2.6575     7.34799283E+000
  2.6625     7.37357848E+000
  2.6675     7.39926573E+000
  2.6725     7.42460490E+000
  2.6775     7.44970985E+000
  2.6825     7.47504120E+000
  2.6875     7.50010260E+000
  2.6925     7.52510316E+000
  2.6975     7.55067943E+000
  2.7025     7.57632555E+000
  2.7075     7.60174789E+000
  2.7125     7.62766099E+000
  2.7175     7.65342974E+000
  2.7225     7.67885183E+000
  2.7275     7.70468427E+000
  2.7325     7.73004017E+000
  2.7375     7.75550073E+000
  2.7425     7.78089450E+000
  2.7475     7.80642641E+000
  2.7525     7.83230351E+000
  2.7575     7.85792567E+000
  2.7625     7.88333162E+000
  2.7675     7.90910547E+000
  2.7725     7.93480527E+000
  2.7775     7.95967917E+000
  2.7825     7.98527154E+000
  2.7875     8.01061312E+000
  2.7925     8.03559790E+000
  2.7975     8.06110952E+000
  2.8025     8.08629298E+000
  2.8075     8.11137327E+000
  2.8125     8.13702041E+000
  2.8175     8.16217901E+000
  2.8225     8.18761918E+000
  2.8275     8.21331753E+000
  2.8325     8.23889869E+000
  2.8375     8.26413281E+000
  2.8425     8.28940000E+000
  2.8475     8.31486302E+000
  2.8525     8.34002778E+000
  2.8575     8.36579337E+000
  2.8625     8.39131389E+000
  2.8675     8.41751634E+000
  2.8725     8.44293613E+000
  2.8775     8.46812908E+000
  2.8825     8.49364266E+000
  2.8875     8.51850035E+000
  2.8925     8.54338647E+000
  2.8975     8.56988192E+000
  2.9025     8.59613244E+000
  2.9075     8.62162337E+000
  2.9125     8.64744144E+000
  2.9175     8.67217597E+000
  2.9225     8.69766944E+000
  2.9275     8.72291547E+000
  2.9325     8.74849676E+000
  2.9375     8.77348386E+000
  2.9425     8.79850615E+000
  2.9475     8.82340772E+000
  2.9525     8.84961780E+000
  2.9575     8.87500248E+000
  2.9625     8.90049994E+000
  2.9675     8.92630608E+000
  2.9725     8.95210839E+000
  2.9775     8.97648476E+000
  2.9825     9.00258676E+000
  2.9875     9.02946014E+000
  2.9925     9.05717939E+000
  2.9975     9.08499098E+000
