  0.0005            16154591
  0.0015            17667527
  0.0025            19303734
  0.0035            21430416
  0.0045            23459686
  0.0055            25692190
  0.0065            25025405
  0.0075            33320584
  0.0085            33185388
  0.0095            35887928
  0.0105            34882501
  0.0115            46085999
  0.0125            45354722
  0.0135            43735249
  0.0145            57376002
  0.0155            56224382
  0.0165            60199561
  0.0175            64129871
  0.0185            61351853
  0.0195            79562922
  0.0205            77047654
  0.0215            73237174
  0.0225            85764050
  0.0235            99985196
  0.0245            95809488
  0.0255           100634065
  0.0265            94663208
  0.0275           110112728
  0.0285           126802583
  0.0295           120269325
  0.0305           125181621
  0.0315           129975984
  0.0325           134406911
  0.0335           139074030
  0.0345           143304187
  0.0355           147718000
  0.0365           136516678
  0.0375           155522458
  0.0385           175225300
  0.0395           163029217
  0.0405           166276458
  0.0415           168933587
  0.0425           171827381
  0.0435           156261193
  0.0445           193320717
  0.0455           159935488
  0.0465           196786427
  0.0475           179977394
  0.0485           180286060
  0.0495           180893066
  0.0505           180493302
  0.0515           179895591
  0.0525           179463084
  0.0535           160450405
  0.0545           194571754
  0.0555           157335377
  0.0565           190123664
  0.0575           170094123
  0.0585           167369748
  0.0595           164128604
  0.0605           144791341
  0.0615           173262094
  0.0625           153537071
  0.0635           149350559
  0.0645           145169564
  0.0655           140797982
  0.0665           136287609
  0.0675           131623466
  0.0685           126923286
  0.0695           122083792
  0.0705           117236402
  0.0715           112387048
  0.0725           107476938
  0.0735            92366023
  0.0745           107866050
  0.0755            83803707
  0.0765            97192410
  0.0775            83454590
  0.0785            78784848
  0.0795            74265998
  0.0805            70015054
  0.0815            65805476
  0.0825            61747867
  0.0835            57645924
  0.0845            53797503
  0.0855            50163024
  0.0865            46638425
  0.0875            39141389
  0.0885            40410078
  0.0895            40984581
  0.0905            34266438
  0.0915            28409447
  0.0925            29203231
  0.0935            29383953
  0.0945            24292464
  0.0955            22188535
  0.0965            18267472
  0.0975            20316868
  0.0985            16692130
  0.0995            15133996
  0.1005            13710924
  0.1015            12352475
  0.1025            11146985
  0.1035            10019676
  0.1045             8968582
  0.1055             8056173
  0.1065             6532124
  0.1075             6497482
  0.1085             6304494
  0.1095             5050800
  0.1105             4480468
  0.1115             3606253
  0.1125             3857451
  0.1135             3085352
  0.1145             2722151
  0.1155             2379854
  0.1165             2081086
  0.1175             1833414
  0.1185             1593822
  0.1195             1373128
  0.1205             1203500
  0.1215              949444
  0.1225              918350
  0.1235              864693
  0.1245              674015
  0.1255              581410
  0.1265              494431
  0.1275              422468
  0.1285              364937
  0.1295              310191
  0.1305              263405
  0.1315              221673
  0.1325              190882
  0.1335              162700
  0.1345              136074
  0.1355              115966
  0.1365               97381
  0.1375               81401
  0.1385               69422
  0.1395               56031
  0.1405               48130
  0.1415               37573
  0.1425               32778
  0.1435               28237
  0.1445               22509
  0.1455               18697
  0.1465               14038
  0.1475               13552
  0.1485               11311
  0.1495                8536
  0.1505                6795
  0.1515                4722
  0.1525                4694
  0.1535                3648
  0.1545                3126
  0.1555                2522
  0.1565                2026
  0.1575                1643
  0.1585                1326
  0.1595                 818
  0.1605                 773
  0.1615                 683
  0.1625                 513
  0.1635                 324
  0.1645                 367
  0.1655                 354
  0.1665                 139
  0.1675                 164
  0.1685                 128
  0.1695                 113
  0.1705                  82
  0.1715                  83
  0.1725                  47
  0.1735                  18
  0.1745                   3
  0.1755                   6
  0.1765                   0
  0.1775                   4
  0.1785                   0
  0.1795                   1
  0.1805                   1
  0.1815                   0
  0.1825                   0
  0.1835                   0
  0.1845                  10
  0.1855                   0
  0.1865                   0
  0.1875                   0
  0.1885                  14
  0.1895                   0
  0.1905                   0
  0.1915                   0
  0.1925                   0
  0.1935                   0
  0.1945                   0
  0.1955                   0
  0.1965                   0
  0.1975                   0
  0.1985                   0
  0.1995                   0
  0.2005                   0
  0.2015                   0
  0.2025                   0
  0.2035                   0
  0.2045                   0
  0.2055                   0
  0.2065                   0
  0.2075                   0
  0.2085                   0
  0.2095                   0
  0.2105                   0
  0.2115                   0
  0.2125                   0
  0.2135                   0
  0.2145                   0
  0.2155                   0
  0.2165                   0
  0.2175                   0
  0.2185                   0
  0.2195                   0
  0.2205                   0
  0.2215                   0
  0.2225                   0
  0.2235                   0
  0.2245                   0
  0.2255                   0
  0.2265                   0
  0.2275                   0
  0.2285                   0
  0.2295                   0
  0.2305                   0
  0.2315                   0
  0.2325                   0
  0.2335                   0
  0.2345                   0
  0.2355                   0
  0.2365                   0
  0.2375                   0
  0.2385                   0
  0.2395                   0
  0.2405                   0
  0.2415                   0
  0.2425                   0
  0.2435                   0
  0.2445                   0
  0.2455                   0
  0.2465                   0
  0.2475                   0
  0.2485                   0
  0.2495                   0
  0.2505                   0
  0.2515                   0
  0.2525                   0
  0.2535                   0
  0.2545                   0
  0.2555                   0
  0.2565                   0
  0.2575                   0
  0.2585                   0
  0.2595                   0
  0.2605                   0
  0.2615                   0
  0.2625                   0
  0.2635                   0
  0.2645                   0
  0.2655                   0
  0.2665                   0
  0.2675                   0
  0.2685                   0
  0.2695                   0
  0.2705                   0
  0.2715                   0
  0.2725                   0
  0.2735                   0
  0.2745                   0
  0.2755                   0
  0.2765                   0
  0.2775                   0
  0.2785                   0
  0.2795                   0
  0.2805                   0
  0.2815                   0
  0.2825                   0
  0.2835                   0
  0.2845                   0
  0.2855                   0
  0.2865                   0
  0.2875                   0
  0.2885                   0
  0.2895                   0
  0.2905                   0
  0.2915                   0
  0.2925                   0
  0.2935                   0
  0.2945                   0
  0.2955                   0
  0.2965                   0
  0.2975                   0
  0.2985                   0
  0.2995                   0
  0.3005                   0
  0.3015                   0
  0.3025                   0
  0.3035                   0
  0.3045                   0
  0.3055                   0
  0.3065                   0
  0.3075                   0
  0.3085                   0
  0.3095                   0
  0.3105                   0
  0.3115                   0
  0.3125                   0
  0.3135                   0
  0.3145                   0
  0.3155                   0
  0.3165                   0
  0.3175                   0
  0.3185                   0
  0.3195                   0
  0.3205                   0
  0.3215                   0
  0.3225                   0
  0.3235                   0
  0.3245                   0
  0.3255                   0
  0.3265                   0
  0.3275                   0
  0.3285                   0
  0.3295                   0
  0.3305                   0
  0.3315                   0
  0.3325                   0
  0.3335                   0
  0.3345                   0
  0.3355                   0
  0.3365                   0
  0.3375                   0
  0.3385                   0
  0.3395                   0
  0.3405                   0
  0.3415                   0
  0.3425                   0
  0.3435                   0
  0.3445                   0
  0.3455                   0
  0.3465                   0
  0.3475                   0
  0.3485                   0
  0.3495                   0
  0.3505                   0
  0.3515                   0
  0.3525                   0
  0.3535                   0
  0.3545                   0
  0.3555                   0
  0.3565                   0
  0.3575                   0
  0.3585                   0
  0.3595                   0
  0.3605                   0
  0.3615                   0
  0.3625                   0
  0.3635                   0
  0.3645                   0
  0.3655                   0
  0.3665                   0
  0.3675                   0
  0.3685                   0
  0.3695                   0
  0.3705                   0
  0.3715                   0
  0.3725                   0
  0.3735                   0
  0.3745                   0
  0.3755                   0
  0.3765                   0
  0.3775                   0
  0.3785                   0
  0.3795                   0
  0.3805                   0
  0.3815                   0
  0.3825                   0
  0.3835                   0
  0.3845                   0
  0.3855                   0
  0.3865                   0
  0.3875                   0
  0.3885                   0
  0.3895                   0
  0.3905                   0
  0.3915                   0
  0.3925                   0
  0.3935                   0
  0.3945                   0
  0.3955                   0
  0.3965                   0
  0.3975                   0
  0.3985                   0
  0.3995                   0
  0.4005                   0
  0.4015                   0
  0.4025                   0
  0.4035                   0
  0.4045                   0
  0.4055                   0
  0.4065                   0
  0.4075                   0
  0.4085                   0
  0.4095                   0
  0.4105                   0
  0.4115                   0
  0.4125                   0
  0.4135                   0
  0.4145                   0
  0.4155                   0
  0.4165                   0
  0.4175                   0
  0.4185                   0
  0.4195                   0
  0.4205                   0
  0.4215                   0
  0.4225                   0
  0.4235                   0
  0.4245                   0
  0.4255                   0
  0.4265                   0
  0.4275                   0
  0.4285                   0
  0.4295                   0
  0.4305                   0
  0.4315                   0
  0.4325                   0
  0.4335                   0
  0.4345                   0
  0.4355                   0
  0.4365                   0
  0.4375                   0
  0.4385                   0
  0.4395                   0
  0.4405                   0
  0.4415                   0
  0.4425                   0
  0.4435                   0
  0.4445                   0
  0.4455                   0
  0.4465                   0
  0.4475                   0
  0.4485                   0
  0.4495                   0
  0.4505                   0
  0.4515                   0
  0.4525                   0
  0.4535                   0
  0.4545                   0
  0.4555                   0
  0.4565                   0
  0.4575                   0
  0.4585                   0
  0.4595                   0
  0.4605                   0
  0.4615                   0
  0.4625                   0
  0.4635                   0
  0.4645                   0
  0.4655                   0
  0.4665                   0
  0.4675                   0
  0.4685                   0
  0.4695                   0
  0.4705                   0
  0.4715                   0
  0.4725                   0
  0.4735                   0
  0.4745                   0
  0.4755                   0
  0.4765                   0
  0.4775                   0
  0.4785                   0
  0.4795                   0
  0.4805                   0
  0.4815                   0
  0.4825                   0
  0.4835                   0
  0.4845                   0
  0.4855                   0
  0.4865                   0
  0.4875                   0
  0.4885                   0
  0.4895                   0
  0.4905                   0
  0.4915                   0
  0.4925                   0
  0.4935                   0
  0.4945                   0
  0.4955                   0
  0.4965                   0
  0.4975                   0
  0.4985                   0
  0.4995                   0
  0.5005                   0
  0.5015                   0
  0.5025                   0
  0.5035                   0
  0.5045                   0
  0.5055                   0
  0.5065                   0
  0.5075                   0
  0.5085                   0
  0.5095                   0
  0.5105                   0
  0.5115                   0
  0.5125                   0
  0.5135                   0
  0.5145                   0
  0.5155                   0
  0.5165                   0
  0.5175                   0
  0.5185                   0
  0.5195                   0
  0.5205                   0
  0.5215                   0
  0.5225                   0
  0.5235                   0
  0.5245                   0
  0.5255                   0
  0.5265                   0
  0.5275                   0
  0.5285                   0
  0.5295                   0
  0.5305                   0
  0.5315                   0
  0.5325                   0
  0.5335                   0
  0.5345                   0
  0.5355                   0
  0.5365                   0
  0.5375                   0
  0.5385                   0
  0.5395                   0
  0.5405                   0
  0.5415                   0
  0.5425                   0
  0.5435                   0
  0.5445                   0
  0.5455                   0
  0.5465                   0
  0.5475                   0
  0.5485                   0
  0.5495                   0
  0.5505                   0
  0.5515                   0
  0.5525                   0
  0.5535                   0
  0.5545                   0
  0.5555                   0
  0.5565                   0
  0.5575                   0
  0.5585                   0
  0.5595                   0
  0.5605                   0
  0.5615                   0
  0.5625                   0
  0.5635                   0
  0.5645                   0
  0.5655                   0
  0.5665                   0
  0.5675                   0
  0.5685                   0
  0.5695                   0
  0.5705                   0
  0.5715                   0
  0.5725                   0
  0.5735                   0
  0.5745                   0
  0.5755                   0
  0.5765                   0
  0.5775                   0
  0.5785                   0
  0.5795                   0
  0.5805                   0
  0.5815                   0
  0.5825                   0
  0.5835                   0
  0.5845                   0
  0.5855                   0
  0.5865                   0
  0.5875                   0
  0.5885                   0
  0.5895                   0
  0.5905                   0
  0.5915                   0
  0.5925                   0
  0.5935                   0
  0.5945                   0
  0.5955                   0
  0.5965                   0
  0.5975                   0
  0.5985                   0
  0.5995                   0
  0.6005                   0
  0.6015                   0
  0.6025                   0
  0.6035                   0
  0.6045                   0
  0.6055                   0
  0.6065                   0
  0.6075                   0
  0.6085                   0
  0.6095                   0
  0.6105                   0
  0.6115                   0
  0.6125                   0
  0.6135                   0
  0.6145                   0
  0.6155                   0
  0.6165                   0
  0.6175                   0
  0.6185                   0
  0.6195                   0
  0.6205                   0
  0.6215                   0
  0.6225                   0
  0.6235                   0
  0.6245                   0
  0.6255                   0
  0.6265                   0
  0.6275                   0
  0.6285                   0
  0.6295                   0
  0.6305                   0
  0.6315                   0
  0.6325                   0
  0.6335                   0
  0.6345                   0
  0.6355                   0
  0.6365                   0
  0.6375                   0
  0.6385                   0
  0.6395                   0
  0.6405                   0
  0.6415                   0
  0.6425                   0
  0.6435                   0
  0.6445                   0
  0.6455                   0
  0.6465                   0
  0.6475                   0
  0.6485                   0
  0.6495                   0
  0.6505                   0
  0.6515                   0
  0.6525                   0
  0.6535                   0
  0.6545                   0
  0.6555                   0
  0.6565                   0
  0.6575                   0
  0.6585                   0
  0.6595                   0
  0.6605                   0
  0.6615                   0
  0.6625                   0
  0.6635                   0
  0.6645                   0
  0.6655                   0
  0.6665                   0
  0.6675                   0
  0.6685                   0
  0.6695                   0
  0.6705                   0
  0.6715                   0
  0.6725                   0
  0.6735                   0
  0.6745                   0
  0.6755                   0
  0.6765                   0
  0.6775                   0
  0.6785                   0
  0.6795                   0
  0.6805                   0
  0.6815                   0
  0.6825                   0
  0.6835                   0
  0.6845                   0
  0.6855                   0
  0.6865                   0
  0.6875                   0
  0.6885                   0
  0.6895                   0
  0.6905                   0
  0.6915                   0
  0.6925                   0
  0.6935                   0
  0.6945                   0
  0.6955                   0
  0.6965                   0
  0.6975                   0
  0.6985                   0
  0.6995                   0
  0.7005                   0
  0.7015                   0
  0.7025                   0
  0.7035                   0
  0.7045                   0
  0.7055                   0
  0.7065                   0
  0.7075                   0
  0.7085                   0
  0.7095                   0
  0.7105                   0
  0.7115                   0
  0.7125                   0
  0.7135                   0
  0.7145                   0
  0.7155                   0
  0.7165                   0
  0.7175                   0
  0.7185                   0
  0.7195                   0
  0.7205                   0
  0.7215                   0
  0.7225                   0
  0.7235                   0
  0.7245                   0
  0.7255                   0
  0.7265                   0
  0.7275                   0
  0.7285                   0
  0.7295                   0
  0.7305                   0
  0.7315                   0
  0.7325                   0
  0.7335                   0
  0.7345                   0
  0.7355                   0
  0.7365                   0
  0.7375                   0
  0.7385                   0
  0.7395                   0
  0.7405                   0
  0.7415                   0
  0.7425                   0
  0.7435                   0
  0.7445                   0
  0.7455                   0
  0.7465                   0
  0.7475                   0
  0.7485                   0
  0.7495                   0
  0.7505                   0
  0.7515                   0
  0.7525                   0
  0.7535                   0
  0.7545                   0
  0.7555                   0
  0.7565                   0
  0.7575                   0
  0.7585                   0
  0.7595                   0
  0.7605                   0
  0.7615                   0
  0.7625                   0
  0.7635                   0
  0.7645                   0
  0.7655                   0
  0.7665                   0
  0.7675                   0
  0.7685                   0
  0.7695                   0
  0.7705                   0
  0.7715                   0
  0.7725                   0
  0.7735                   0
  0.7745                   0
  0.7755                   0
  0.7765                   0
  0.7775                   0
  0.7785                   0
  0.7795                   0
  0.7805                   0
  0.7815                   0
  0.7825                   0
  0.7835                   0
  0.7845                   0
  0.7855                   0
  0.7865                   0
  0.7875                   0
  0.7885                   0
  0.7895                   0
  0.7905                   0
  0.7915                   0
  0.7925                   0
  0.7935                   0
  0.7945                   0
  0.7955                   0
  0.7965                   0
  0.7975                   0
  0.7985                   0
  0.7995                   0
  0.8005                   0
  0.8015                   0
  0.8025                   0
  0.8035                   0
  0.8045                   0
  0.8055                   0
  0.8065                   0
  0.8075                   0
  0.8085                   0
  0.8095                   0
  0.8105                   0
  0.8115                   0
  0.8125                   0
  0.8135                   0
  0.8145                   0
  0.8155                   0
  0.8165                   0
  0.8175                   0
  0.8185                   0
  0.8195                   0
  0.8205                   0
  0.8215                   0
  0.8225                   0
  0.8235                   0
  0.8245                   0
  0.8255                   0
  0.8265                   0
  0.8275                   0
  0.8285                   0
  0.8295                   0
  0.8305                   0
  0.8315                   0
  0.8325                   0
  0.8335                   0
  0.8345                   0
  0.8355                   0
  0.8365                   0
  0.8375                   0
  0.8385                   0
  0.8395                   0
  0.8405                   0
  0.8415                   0
  0.8425                   0
  0.8435                   0
  0.8445                   0
  0.8455                   0
  0.8465                   0
  0.8475                   0
  0.8485                   0
  0.8495                   0
  0.8505                   0
  0.8515                   0
  0.8525                   0
  0.8535                   0
  0.8545                   0
  0.8555                   0
  0.8565                   0
  0.8575                   0
  0.8585                   0
  0.8595                   0
  0.8605                   0
  0.8615                   0
  0.8625                   0
  0.8635                   0
  0.8645                   0
  0.8655                   0
  0.8665                   0
  0.8675                   0
  0.8685                   0
  0.8695                   0
  0.8705                   0
  0.8715                   0
  0.8725                   0
  0.8735                   0
  0.8745                   0
  0.8755                   0
  0.8765                   0
  0.8775                   0
  0.8785                   0
  0.8795                   0
  0.8805                   0
  0.8815                   0
  0.8825                   0
  0.8835                   0
  0.8845                   0
  0.8855                   0
  0.8865                   0
  0.8875                   0
  0.8885                   0
  0.8895                   0
  0.8905                   0
  0.8915                   0
  0.8925                   0
  0.8935                   0
  0.8945                   0
  0.8955                   0
  0.8965                   0
  0.8975                   0
  0.8985                   0
  0.8995                   0
  0.9005                   0
  0.9015                   0
  0.9025                   0
  0.9035                   0
  0.9045                   0
  0.9055                   0
  0.9065                   0
  0.9075                   0
  0.9085                   0
  0.9095                   0
  0.9105                   0
  0.9115                   0
  0.9125                   0
  0.9135                   0
  0.9145                   0
  0.9155                   0
  0.9165                   0
  0.9175                   0
  0.9185                   0
  0.9195                   0
  0.9205                   0
  0.9215                   0
  0.9225                   0
  0.9235                   0
  0.9245                   0
  0.9255                   0
  0.9265                   0
  0.9275                   0
  0.9285                   0
  0.9295                   0
  0.9305                   0
  0.9315                   0
  0.9325                   0
  0.9335                   0
  0.9345                   0
  0.9355                   0
  0.9365                   0
  0.9375                   0
  0.9385                   0
  0.9395                   0
  0.9405                   0
  0.9415                   0
  0.9425                   0
  0.9435                   0
  0.9445                   0
  0.9455                   0
  0.9465                   0
  0.9475                   0
  0.9485                   0
  0.9495                   0
  0.9505                   0
  0.9515                   0
  0.9525                   0
  0.9535                   0
  0.9545                   0
  0.9555                   0
  0.9565                   0
  0.9575                   0
  0.9585                   0
  0.9595                   0
  0.9605                   0
  0.9615                   0
  0.9625                   0
  0.9635                   0
  0.9645                   0
  0.9655                   0
  0.9665                   0
  0.9675                   0
  0.9685                   0
  0.9695                   0
  0.9705                   0
  0.9715                   0
  0.9725                   0
  0.9735                   0
  0.9745                   0
  0.9755                   0
  0.9765                   0
  0.9775                   0
  0.9785                   0
  0.9795                   0
  0.9805                   0
  0.9815                   0
  0.9825                   0
  0.9835                   0
  0.9845                   0
  0.9855                   0
  0.9865                   0
  0.9875                   0
  0.9885                   0
  0.9895                   0
  0.9905                   0
  0.9915                   0
  0.9925                   0
  0.9935                   0
  0.9945                   0
  0.9955                   0
  0.9965                   0
  0.9975                   0
  0.9985                   0
  0.9995                   0
  1.0005                   0
