  0.0005                   0
  0.0015                   0
  0.0025                   0
  0.0035                   0
  0.0045                   0
  0.0055                   0
  0.0065                   0
  0.0075                   0
  0.0085                   0
  0.0095                   0
  0.0105                   0
  0.0115                   0
  0.0125                   0
  0.0135                   0
  0.0145                   0
  0.0155                   0
  0.0165                   0
  0.0175                   0
  0.0185                   0
  0.0195                   0
  0.0205                   0
  0.0215                   0
  0.0225                   0
  0.0235                   0
  0.0245                   0
  0.0255                   0
  0.0265                   0
  0.0275                   0
  0.0285                   0
  0.0295                   0
  0.0305                   0
  0.0315                   0
  0.0325                   0
  0.0335                   0
  0.0345                   0
  0.0355                   0
  0.0365                   0
  0.0375                   0
  0.0385                   0
  0.0395                   0
  0.0405                   0
  0.0415                   0
  0.0425                   0
  0.0435                   0
  0.0445                   0
  0.0455                   0
  0.0465                   0
  0.0475                   0
  0.0485                   0
  0.0495                   0
  0.0505                   0
  0.0515                   0
  0.0525                   0
  0.0535                   0
  0.0545                   0
  0.0555                   0
  0.0565                   0
  0.0575                   0
  0.0585                   0
  0.0595                   0
  0.0605                   0
  0.0615                   0
  0.0625                   0
  0.0635                   0
  0.0645                   0
  0.0655                   0
  0.0665                   0
  0.0675                   0
  0.0685                   0
  0.0695                   0
  0.0705                   0
  0.0715                   0
  0.0725                   0
  0.0735                   0
  0.0745                   0
  0.0755                   0
  0.0765                   0
  0.0775                   0
  0.0785                   0
  0.0795                   0
  0.0805                   0
  0.0815                   0
  0.0825                   0
  0.0835                   0
  0.0845                   0
  0.0855                   0
  0.0865                   0
  0.0875                   0
  0.0885                   0
  0.0895                   0
  0.0905                   0
  0.0915                   0
  0.0925                   0
  0.0935                   0
  0.0945                   0
  0.0955                   0
  0.0965                   0
  0.0975                   0
  0.0985                   0
  0.0995                   0
  0.1005                   0
  0.1015                   0
  0.1025                   0
  0.1035                   0
  0.1045                   0
  0.1055                   0
  0.1065                   0
  0.1075                   0
  0.1085                   0
  0.1095                   0
  0.1105                   0
  0.1115                   0
  0.1125                   0
  0.1135                   0
  0.1145                   0
  0.1155                   0
  0.1165                   0
  0.1175                   0
  0.1185                   0
  0.1195                   0
  0.1205                   0
  0.1215                   0
  0.1225                   0
  0.1235                   0
  0.1245                   0
  0.1255                   0
  0.1265                   0
  0.1275                   0
  0.1285                   0
  0.1295                   0
  0.1305                   0
  0.1315                   0
  0.1325                   0
  0.1335                   0
  0.1345                   0
  0.1355                   0
  0.1365                   0
  0.1375                   0
  0.1385                   0
  0.1395                   0
  0.1405                   0
  0.1415                   0
  0.1425                   0
  0.1435                   0
  0.1445                   0
  0.1455                   0
  0.1465                   0
  0.1475                   0
  0.1485                   0
  0.1495                   0
  0.1505                   0
  0.1515                   0
  0.1525                   0
  0.1535                   0
  0.1545                   0
  0.1555                   0
  0.1565                   0
  0.1575                   0
  0.1585                   0
  0.1595                   0
  0.1605                   0
  0.1615                   0
  0.1625                   0
  0.1635                   0
  0.1645                   0
  0.1655                   0
  0.1665                   0
  0.1675                   0
  0.1685                   0
  0.1695                   0
  0.1705                   0
  0.1715                   0
  0.1725                   0
  0.1735                   0
  0.1745                   0
  0.1755                   0
  0.1765                   0
  0.1775                   0
  0.1785                   0
  0.1795                   0
  0.1805                   0
  0.1815                   0
  0.1825                   0
  0.1835                   0
  0.1845                   0
  0.1855                   0
  0.1865                   0
  0.1875                   0
  0.1885                   0
  0.1895                   0
  0.1905                   0
  0.1915                   0
  0.1925                   0
  0.1935                   0
  0.1945                   0
  0.1955                   0
  0.1965                   0
  0.1975                   0
  0.1985                   0
  0.1995                   0
  0.2005                   0
  0.2015                   0
  0.2025                   0
  0.2035                   0
  0.2045                   0
  0.2055                   0
  0.2065                   0
  0.2075                   0
  0.2085                   0
  0.2095                   0
  0.2105                   0
  0.2115                   0
  0.2125                   0
  0.2135                   0
  0.2145                   0
  0.2155                   0
  0.2165                   0
  0.2175                   0
  0.2185                   0
  0.2195                   0
  0.2205                   0
  0.2215                   0
  0.2225                   0
  0.2235                   0
  0.2245                   0
  0.2255                   0
  0.2265                  21
  0.2275                   0
  0.2285                  93
  0.2295                   0
  0.2305                 115
  0.2315                 119
  0.2325                 269
  0.2335                 103
  0.2345                 122
  0.2355                 264
  0.2365                 147
  0.2375                 586
  0.2385                 621
  0.2395                 809
  0.2405                1198
  0.2415                1995
  0.2425                2399
  0.2435                1343
  0.2445                3401
  0.2455                3341
  0.2465                3438
  0.2475                6105
  0.2485                4305
  0.2495                8951
  0.2505                9067
  0.2515               15933
  0.2525               13866
  0.2535               19178
  0.2545               21754
  0.2555               22989
  0.2565               30523
  0.2575               38903
  0.2585               42443
  0.2595               48144
  0.2605               56333
  0.2615               72030
  0.2625               84433
  0.2635              112193
  0.2645              125970
  0.2655              148169
  0.2665              176737
  0.2675              196492
  0.2685              252422
  0.2695              303775
  0.2705              348200
  0.2715              405793
  0.2725              455482
  0.2735              525910
  0.2745              629587
  0.2755              748299
  0.2765              846635
  0.2775              959609
  0.2785             1130559
  0.2795             1269380
  0.2805             1453604
  0.2815             1744229
  0.2825             1917429
  0.2835             2218038
  0.2845             2544673
  0.2855             2908224
  0.2865             3293747
  0.2875             3719556
  0.2885             3771582
  0.2895             5235187
  0.2905             4851198
  0.2915             6582365
  0.2925             6793682
  0.2935             6835069
  0.2945             9245174
  0.2955             8409377
  0.2965            11503398
  0.2975            11728978
  0.2985            11630931
  0.2995            15729658
  0.3005            15750974
  0.3015            17529770
  0.3025            19268216
  0.3035            18947002
  0.3045            25270292
  0.3055            25235666
  0.3065            27636393
  0.3075            30050523
  0.3085            32695935
  0.3095            35432817
  0.3105            38427491
  0.3115            41546030
  0.3125            44840960
  0.3135            48155662
  0.3145            51699673
  0.3155            55298411
  0.3165            59282270
  0.3175            63082450
  0.3185            67240597
  0.3195            71435119
  0.3205            76005626
  0.3215            80482271
  0.3225            85019633
  0.3235            89843384
  0.3245            94877627
  0.3255            99350557
  0.3265           104134006
  0.3275           108972256
  0.3285           113776889
  0.3295           118470045
  0.3305           123438970
  0.3315           127986287
  0.3325           132716657
  0.3335           137131711
  0.3345           141588062
  0.3355           145842897
  0.3365           149902125
  0.3375           153867163
  0.3385           157430726
  0.3395           161028203
  0.3405           163843607
  0.3415           166799139
  0.3425           169291868
  0.3435           171492603
  0.3445           173664192
  0.3455           175390907
  0.3465           176816109
  0.3475           177280915
  0.3485           178052514
  0.3495           178433628
  0.3505           178642914
  0.3515           159913336
  0.3525           177087494
  0.3535           193444682
  0.3545           174267748
  0.3555           155633006
  0.3565           170857307
  0.3575           168161490
  0.3585           181986506
  0.3595           162278272
  0.3605           158498350
  0.3615           139712200
  0.3625           151859277
  0.3635           162656991
  0.3645           143198599
  0.3655           139078265
  0.3665           121277525
  0.3675           130477790
  0.3685           138222105
  0.3695           120612911
  0.3705           115642207
  0.3715           100070342
  0.3725           106472428
  0.3735           111697294
  0.3745            96722416
  0.3755            91724404
  0.3765            86801739
  0.3775            74482091
  0.3785            85742111
  0.3795            73347162
  0.3805            69113569
  0.3815            64819174
  0.3825            54853894
  0.3835            62861216
  0.3845            53100437
  0.3855            49432739
  0.3865            45967197
  0.3875            38594444
  0.3885            43770631
  0.3895            36510497
  0.3905            33814721
  0.3915            31119297
  0.3925            28583115
  0.3935            26188132
  0.3945            23963392
  0.3955            21836554
  0.3965            19985744
  0.3975            18175294
  0.3985            16452120
  0.3995            14920185
  0.4005            13540932
  0.4015            12209467
  0.4025            10969770
  0.4035             9865035
  0.4045             8874127
  0.4055             7927022
  0.4065             7088119
  0.4075             6316052
  0.4085             5633360
  0.4095             4983951
  0.4105             4433493
  0.4115             3908665
  0.4125             3452610
  0.4135             3052074
  0.4145             2660048
  0.4155             2347372
  0.4165             1862167
  0.4175             1805625
  0.4185             1735933
  0.4195             1358787
  0.4205             1076934
  0.4215             1031567
  0.4225              904690
  0.4235              855916
  0.4245              668333
  0.4255              568205
  0.4265              447343
  0.4275              430644
  0.4285              399617
  0.4295              304525
  0.4305              261772
  0.4315              199175
  0.4325              191149
  0.4335              171447
  0.4345              133087
  0.4355              112556
  0.4365               84352
  0.4375               79818
  0.4385               75957
  0.4395               55751
  0.4405               47365
  0.4415               39262
  0.4425               28956
  0.4435               30297
  0.4445               21376
  0.4455               18087
  0.4465               15427
  0.4475               11822
  0.4485               10447
  0.4495                7676
  0.4505                7396
  0.4515                5618
  0.4525                4133
  0.4535                4180
  0.4545                3304
  0.4555                2378
  0.4565                2163
  0.4575                1525
  0.4585                1274
  0.4595                1121
  0.4605                 699
  0.4615                 668
  0.4625                 624
  0.4635                 426
  0.4645                 218
  0.4655                 261
  0.4665                 226
  0.4675                 215
  0.4685                  84
  0.4695                  74
  0.4705                  79
  0.4715                  94
  0.4725                  49
  0.4735                  60
  0.4745                  37
  0.4755                  15
  0.4765                  35
  0.4775                  43
  0.4785                   9
  0.4795                  15
  0.4805                   6
  0.4815                   4
  0.4825                   0
  0.4835                   0
  0.4845                  11
  0.4855                   0
  0.4865                   0
  0.4875                   0
  0.4885                   0
  0.4895                   0
  0.4905                   0
  0.4915                   0
  0.4925                   0
  0.4935                   0
  0.4945                   0
  0.4955                   0
  0.4965                   0
  0.4975                   0
  0.4985                   0
  0.4995                   0
  0.5005                   0
  0.5015                   0
  0.5025                   0
  0.5035                   0
  0.5045                   0
  0.5055                   0
  0.5065                   0
  0.5075                   0
  0.5085                   0
  0.5095                   0
  0.5105                   0
  0.5115                   0
  0.5125                   0
  0.5135                   0
  0.5145                   0
  0.5155                   0
  0.5165                   0
  0.5175                   0
  0.5185                   0
  0.5195                   0
  0.5205                   0
  0.5215                   0
  0.5225                   0
  0.5235                   0
  0.5245                   0
  0.5255                   0
  0.5265                   0
  0.5275                   0
  0.5285                   0
  0.5295                   0
  0.5305                   0
  0.5315                   0
  0.5325                   0
  0.5335                   0
  0.5345                   0
  0.5355                   0
  0.5365                   0
  0.5375                   0
  0.5385                   0
  0.5395                   0
  0.5405                   0
  0.5415                   0
  0.5425                   0
  0.5435                   0
  0.5445                   0
  0.5455                   0
  0.5465                   0
  0.5475                   0
  0.5485                   0
  0.5495                   0
  0.5505                   0
  0.5515                   0
  0.5525                   0
  0.5535                   0
  0.5545                   0
  0.5555                   0
  0.5565                   0
  0.5575                   0
  0.5585                   0
  0.5595                   0
  0.5605                   0
  0.5615                   0
  0.5625                   0
  0.5635                   0
  0.5645                   0
  0.5655                   0
  0.5665                   0
  0.5675                   0
  0.5685                   0
  0.5695                   0
  0.5705                   0
  0.5715                   0
  0.5725                   0
  0.5735                   0
  0.5745                   0
  0.5755                   0
  0.5765                   0
  0.5775                   0
  0.5785                   0
  0.5795                   0
  0.5805                   0
  0.5815                   0
  0.5825                   0
  0.5835                   0
  0.5845                   0
  0.5855                   0
  0.5865                   0
  0.5875                   0
  0.5885                   0
  0.5895                   0
  0.5905                   0
  0.5915                   0
  0.5925                   0
  0.5935                   0
  0.5945                   0
  0.5955                   0
  0.5965                   0
  0.5975                   0
  0.5985                   0
  0.5995                   0
  0.6005                   0
  0.6015                   0
  0.6025                   0
  0.6035                   0
  0.6045                   0
  0.6055                   0
  0.6065                   0
  0.6075                   0
  0.6085                   0
  0.6095                   0
  0.6105                   0
  0.6115                   0
  0.6125                   0
  0.6135                   0
  0.6145                   0
  0.6155                   0
  0.6165                   0
  0.6175                   0
  0.6185                   0
  0.6195                   0
  0.6205                   0
  0.6215                   0
  0.6225                   0
  0.6235                   0
  0.6245                   0
  0.6255                   0
  0.6265                   0
  0.6275                   0
  0.6285                   0
  0.6295                   0
  0.6305                   0
  0.6315                   0
  0.6325                   0
  0.6335                   0
  0.6345                   0
  0.6355                   0
  0.6365                   0
  0.6375                   0
  0.6385                   0
  0.6395                   0
  0.6405                   0
  0.6415                   0
  0.6425                   0
  0.6435                   0
  0.6445                   0
  0.6455                   0
  0.6465                   0
  0.6475                   0
  0.6485                   0
  0.6495                   0
  0.6505                   0
  0.6515                   0
  0.6525                   0
  0.6535                   0
  0.6545                   0
  0.6555                   0
  0.6565                   0
  0.6575                   0
  0.6585                   0
  0.6595                   0
  0.6605                   0
  0.6615                   0
  0.6625                   0
  0.6635                   0
  0.6645                   0
  0.6655                   0
  0.6665                   0
  0.6675                   0
  0.6685                   0
  0.6695                   0
  0.6705                   0
  0.6715                   0
  0.6725                   0
  0.6735                   0
  0.6745                   0
  0.6755                   0
  0.6765                   0
  0.6775                   0
  0.6785                   0
  0.6795                   0
  0.6805                   0
  0.6815                   0
  0.6825                   0
  0.6835                   0
  0.6845                   0
  0.6855                   0
  0.6865                   0
  0.6875                   0
  0.6885                   0
  0.6895                   0
  0.6905                   0
  0.6915                   0
  0.6925                   0
  0.6935                   0
  0.6945                   0
  0.6955                   0
  0.6965                   0
  0.6975                   0
  0.6985                   0
  0.6995                   0
  0.7005                   0
  0.7015                   0
  0.7025                   0
  0.7035                   0
  0.7045                   0
  0.7055                   0
  0.7065                   0
  0.7075                   0
  0.7085                   0
  0.7095                   0
  0.7105                   0
  0.7115                   0
  0.7125                   0
  0.7135                   0
  0.7145                   0
  0.7155                   0
  0.7165                   0
  0.7175                   0
  0.7185                   0
  0.7195                   0
  0.7205                   0
  0.7215                   0
  0.7225                   0
  0.7235                   0
  0.7245                   0
  0.7255                   0
  0.7265                   0
  0.7275                   0
  0.7285                   0
  0.7295                   0
  0.7305                   0
  0.7315                   0
  0.7325                   0
  0.7335                   0
  0.7345                   0
  0.7355                   0
  0.7365                   0
  0.7375                   0
  0.7385                   0
  0.7395                   0
  0.7405                   0
  0.7415                   0
  0.7425                   0
  0.7435                   0
  0.7445                   0
  0.7455                   0
  0.7465                   0
  0.7475                   0
  0.7485                   0
  0.7495                   0
  0.7505                   0
  0.7515                   0
  0.7525                   0
  0.7535                   0
  0.7545                   0
  0.7555                   0
  0.7565                   0
  0.7575                   0
  0.7585                   0
  0.7595                   0
  0.7605                   0
  0.7615                   0
  0.7625                   0
  0.7635                   0
  0.7645                   0
  0.7655                   0
  0.7665                   0
  0.7675                   0
  0.7685                   0
  0.7695                   0
  0.7705                   0
  0.7715                   0
  0.7725                   0
  0.7735                   0
  0.7745                   0
  0.7755                   0
  0.7765                   0
  0.7775                   0
  0.7785                   0
  0.7795                   0
  0.7805                   0
  0.7815                   0
  0.7825                   0
  0.7835                   0
  0.7845                   0
  0.7855                   0
  0.7865                   0
  0.7875                   0
  0.7885                   0
  0.7895                   0
  0.7905                   0
  0.7915                   0
  0.7925                   0
  0.7935                   0
  0.7945                   0
  0.7955                   0
  0.7965                   0
  0.7975                   0
  0.7985                   0
  0.7995                   0
  0.8005                   0
  0.8015                   0
  0.8025                   0
  0.8035                   0
  0.8045                   0
  0.8055                   0
  0.8065                   0
  0.8075                   0
  0.8085                   0
  0.8095                   0
  0.8105                   0
  0.8115                   0
  0.8125                   0
  0.8135                   0
  0.8145                   0
  0.8155                   0
  0.8165                   0
  0.8175                   0
  0.8185                   0
  0.8195                   0
  0.8205                   0
  0.8215                   0
  0.8225                   0
  0.8235                   0
  0.8245                   0
  0.8255                   0
  0.8265                   0
  0.8275                   0
  0.8285                   0
  0.8295                   0
  0.8305                   0
  0.8315                   0
  0.8325                   0
  0.8335                   0
  0.8345                   0
  0.8355                   0
  0.8365                   0
  0.8375                   0
  0.8385                   0
  0.8395                   0
  0.8405                   0
  0.8415                   0
  0.8425                   0
  0.8435                   0
  0.8445                   0
  0.8455                   0
  0.8465                   0
  0.8475                   0
  0.8485                   0
  0.8495                   0
  0.8505                   0
  0.8515                   0
  0.8525                   0
  0.8535                   0
  0.8545                   0
  0.8555                   0
  0.8565                   0
  0.8575                   0
  0.8585                   0
  0.8595                   0
  0.8605                   0
  0.8615                   0
  0.8625                   0
  0.8635                   0
  0.8645                   0
  0.8655                   0
  0.8665                   0
  0.8675                   0
  0.8685                   0
  0.8695                   0
  0.8705                   0
  0.8715                   0
  0.8725                   0
  0.8735                   0
  0.8745                   0
  0.8755                   0
  0.8765                   0
  0.8775                   0
  0.8785                   0
  0.8795                   0
  0.8805                   0
  0.8815                   0
  0.8825                   0
  0.8835                   0
  0.8845                   0
  0.8855                   0
  0.8865                   0
  0.8875                   0
  0.8885                   0
  0.8895                   0
  0.8905                   0
  0.8915                   0
  0.8925                   0
  0.8935                   0
  0.8945                   0
  0.8955                   0
  0.8965                   0
  0.8975                   0
  0.8985                   0
  0.8995                   0
  0.9005                   0
  0.9015                   0
  0.9025                   0
  0.9035                   0
  0.9045                   0
  0.9055                   0
  0.9065                   0
  0.9075                   0
  0.9085                   0
  0.9095                   0
  0.9105                   0
  0.9115                   0
  0.9125                   0
  0.9135                   0
  0.9145                   0
  0.9155                   0
  0.9165                   0
  0.9175                   0
  0.9185                   0
  0.9195                   0
  0.9205                   0
  0.9215                   0
  0.9225                   0
  0.9235                   0
  0.9245                   0
  0.9255                   0
  0.9265                   0
  0.9275                   0
  0.9285                   0
  0.9295                   0
  0.9305                   0
  0.9315                   0
  0.9325                   0
  0.9335                   0
  0.9345                   0
  0.9355                   0
  0.9365                   0
  0.9375                   0
  0.9385                   0
  0.9395                   0
  0.9405                   0
  0.9415                   0
  0.9425                   0
  0.9435                   0
  0.9445                   0
  0.9455                   0
  0.9465                   0
  0.9475                   0
  0.9485                   0
  0.9495                   0
  0.9505                   0
  0.9515                   0
  0.9525                   0
  0.9535                   0
  0.9545                   0
  0.9555                   0
  0.9565                   0
  0.9575                   0
  0.9585                   0
  0.9595                   0
  0.9605                   0
  0.9615                   0
  0.9625                   0
  0.9635                   0
  0.9645                   0
  0.9655                   0
  0.9665                   0
  0.9675                   0
  0.9685                   0
  0.9695                   0
  0.9705                   0
  0.9715                   0
  0.9725                   0
  0.9735                   0
  0.9745                   0
  0.9755                   0
  0.9765                   0
  0.9775                   0
  0.9785                   0
  0.9795                   0
  0.9805                   0
  0.9815                   0
  0.9825                   0
  0.9835                   0
  0.9845                   0
  0.9855                   0
  0.9865                   0
  0.9875                   0
  0.9885                   0
  0.9895                   0
  0.9905                   0
  0.9915                   0
  0.9925                   0
  0.9935                   0
  0.9945                   0
  0.9955                   0
  0.9965                   0
  0.9975                   0
  0.9985                   0
  0.9995                   0
  1.0005                   0
