  0.0005                   0
  0.0015                   0
  0.0025                   0
  0.0035                   0
  0.0045                   0
  0.0055                   0
  0.0065                   0
  0.0075                   0
  0.0085                   0
  0.0095                   0
  0.0105                   0
  0.0115                   0
  0.0125                   0
  0.0135                   0
  0.0145                   0
  0.0155                   0
  0.0165                   0
  0.0175                   0
  0.0185                   0
  0.0195                   0
  0.0205                   0
  0.0215                   0
  0.0225                   0
  0.0235                   0
  0.0245                   0
  0.0255                   0
  0.0265                   0
  0.0275                   0
  0.0285                   0
  0.0295                   0
  0.0305                   0
  0.0315                   0
  0.0325                   0
  0.0335                   0
  0.0345                   0
  0.0355                   0
  0.0365                   0
  0.0375                   0
  0.0385                   0
  0.0395                   0
  0.0405                   0
  0.0415                   0
  0.0425                   0
  0.0435                   0
  0.0445                   0
  0.0455                   0
  0.0465                   0
  0.0475                   0
  0.0485                   0
  0.0495                   0
  0.0505                   0
  0.0515                   0
  0.0525                   0
  0.0535                   0
  0.0545                   0
  0.0555                   0
  0.0565                   0
  0.0575                   0
  0.0585                   0
  0.0595                   0
  0.0605                   0
  0.0615                   0
  0.0625                   0
  0.0635                   0
  0.0645                   0
  0.0655                   0
  0.0665                   0
  0.0675                   0
  0.0685                   0
  0.0695                   0
  0.0705                   0
  0.0715                   0
  0.0725                   0
  0.0735                   0
  0.0745                   0
  0.0755                   0
  0.0765                   0
  0.0775                   0
  0.0785                   0
  0.0795                   0
  0.0805                   0
  0.0815                   0
  0.0825                   0
  0.0835                   0
  0.0845                   0
  0.0855                   0
  0.0865                   0
  0.0875                   0
  0.0885                   0
  0.0895                   0
  0.0905                   0
  0.0915                   0
  0.0925                   0
  0.0935                   0
  0.0945                   0
  0.0955                   0
  0.0965                   0
  0.0975                   0
  0.0985                   0
  0.0995                   0
  0.1005                   0
  0.1015                   0
  0.1025                   0
  0.1035                   0
  0.1045                   0
  0.1055                   0
  0.1065                   0
  0.1075                   0
  0.1085                   0
  0.1095                   0
  0.1105                   0
  0.1115                   0
  0.1125                   0
  0.1135                   0
  0.1145                   0
  0.1155                   0
  0.1165                   0
  0.1175                   0
  0.1185                   0
  0.1195                   0
  0.1205                   0
  0.1215                   0
  0.1225                   0
  0.1235                   0
  0.1245                   0
  0.1255                   0
  0.1265                   0
  0.1275                   0
  0.1285                   0
  0.1295                   0
  0.1305                   0
  0.1315                   0
  0.1325                   0
  0.1335                   0
  0.1345                   0
  0.1355                   0
  0.1365                   0
  0.1375                   0
  0.1385                   0
  0.1395                   0
  0.1405                   0
  0.1415                   0
  0.1425                   0
  0.1435                   0
  0.1445                   0
  0.1455                   0
  0.1465                   0
  0.1475                   0
  0.1485                   0
  0.1495                   0
  0.1505                   0
  0.1515                   0
  0.1525                   0
  0.1535                   0
  0.1545                   0
  0.1555                   0
  0.1565                   0
  0.1575                   0
  0.1585                   0
  0.1595                   0
  0.1605                   0
  0.1615                   0
  0.1625                   0
  0.1635                   0
  0.1645                   0
  0.1655                   0
  0.1665                   0
  0.1675                   0
  0.1685                   0
  0.1695                   0
  0.1705                   0
  0.1715                   0
  0.1725                   0
  0.1735                   0
  0.1745                   0
  0.1755                   0
  0.1765                   0
  0.1775                   0
  0.1785                   0
  0.1795                   0
  0.1805                   0
  0.1815                   0
  0.1825                   0
  0.1835                   0
  0.1845                   0
  0.1855                   0
  0.1865                   0
  0.1875                   0
  0.1885                   0
  0.1895                   0
  0.1905                   0
  0.1915                   0
  0.1925                   0
  0.1935                   0
  0.1945                   0
  0.1955                   0
  0.1965                   0
  0.1975                   0
  0.1985                   0
  0.1995                   0
  0.2005                   0
  0.2015                   0
  0.2025                   0
  0.2035                   0
  0.2045                   0
  0.2055                   0
  0.2065                   0
  0.2075                   0
  0.2085                   0
  0.2095                   0
  0.2105                   0
  0.2115                   0
  0.2125                   0
  0.2135                   0
  0.2145                   0
  0.2155                   0
  0.2165                   0
  0.2175                   0
  0.2185                   0
  0.2195                   0
  0.2205                   0
  0.2215                   0
  0.2225                   0
  0.2235                   0
  0.2245                   0
  0.2255                   0
  0.2265                   0
  0.2275                   0
  0.2285                   0
  0.2295                   0
  0.2305                   0
  0.2315                   0
  0.2325                   0
  0.2335                   0
  0.2345                   0
  0.2355                   0
  0.2365                   0
  0.2375                   0
  0.2385                   0
  0.2395                   0
  0.2405                   0
  0.2415                   0
  0.2425                   0
  0.2435                   0
  0.2445                   0
  0.2455                   0
  0.2465                   0
  0.2475                   0
  0.2485                   0
  0.2495                   0
  0.2505                   0
  0.2515                   0
  0.2525                   0
  0.2535                   0
  0.2545                   0
  0.2555                   0
  0.2565                   0
  0.2575                   0
  0.2585                   0
  0.2595                   0
  0.2605                   0
  0.2615                   0
  0.2625                   0
  0.2635                   0
  0.2645                   0
  0.2655                   0
  0.2665                   0
  0.2675                   0
  0.2685                   0
  0.2695                   0
  0.2705                   0
  0.2715                   0
  0.2725                   0
  0.2735                   0
  0.2745                   0
  0.2755                   0
  0.2765                   0
  0.2775                   0
  0.2785                   0
  0.2795                   0
  0.2805                   0
  0.2815                   0
  0.2825                   0
  0.2835                   0
  0.2845                   0
  0.2855                   0
  0.2865                   0
  0.2875                   0
  0.2885                   0
  0.2895                   0
  0.2905                   0
  0.2915                   0
  0.2925                   0
  0.2935                   0
  0.2945                   0
  0.2955                   0
  0.2965                   0
  0.2975                   0
  0.2985                   0
  0.2995                   0
  0.3005                   0
  0.3015                   0
  0.3025                   0
  0.3035                   0
  0.3045                   0
  0.3055                   0
  0.3065                   0
  0.3075                   0
  0.3085                   0
  0.3095                   0
  0.3105                   0
  0.3115                   0
  0.3125                   0
  0.3135                   0
  0.3145                   0
  0.3155                   0
  0.3165                   0
  0.3175                   0
  0.3185                   0
  0.3195                 225
  0.3205                   0
  0.3215                   0
  0.3225                   0
  0.3235                   0
  0.3245                   0
  0.3255                   0
  0.3265                  66
  0.3275                   0
  0.3285                   0
  0.3295                   7
  0.3305                   0
  0.3315                   0
  0.3325                 846
  0.3335                 372
  0.3345                 238
  0.3355                 515
  0.3365                 774
  0.3375                1020
  0.3385                1218
  0.3395                 390
  0.3405                1339
  0.3415                 894
  0.3425                2343
  0.3435                2035
  0.3445                1966
  0.3455                3481
  0.3465                4246
  0.3475                5712
  0.3485                7638
  0.3495                8009
  0.3505               11188
  0.3515               11478
  0.3525               13065
  0.3535               19922
  0.3545               20672
  0.3555               23841
  0.3565               31432
  0.3575               40943
  0.3585               51929
  0.3595               55047
  0.3605               61529
  0.3615               66043
  0.3625               94029
  0.3635              122326
  0.3645              130119
  0.3655              148327
  0.3665              158190
  0.3675              215287
  0.3685              264312
  0.3695              290412
  0.3705              332811
  0.3715              343666
  0.3725              471553
  0.3735              597938
  0.3745              612151
  0.3755              729202
  0.3765              849634
  0.3775              855076
  0.3785             1228642
  0.3795             1310443
  0.3805             1467781
  0.3815             1678234
  0.3825             1733283
  0.3835             2426059
  0.3845             2549800
  0.3855             2866581
  0.3865             3273691
  0.3875             3319065
  0.3885             4592097
  0.3895             4741333
  0.3905             5374983
  0.3915             6022295
  0.3925             6733408
  0.3935             7581499
  0.3945             8472248
  0.3955             9414086
  0.3965            10572370
  0.3975            11668150
  0.3985            12935358
  0.3995            14372290
  0.4005            15848470
  0.4015            17391563
  0.4025            19204830
  0.4035            21101491
  0.4045            23099551
  0.4055            25347367
  0.4065            27543866
  0.4075            30112255
  0.4085            32733446
  0.4095            35584413
  0.4105            38300219
  0.4115            41624054
  0.4125            44757935
  0.4135            47997491
  0.4145            51610777
  0.4155            55502333
  0.4165            53389081
  0.4175            63043427
  0.4185            73822090
  0.4195            71509023
  0.4205            68026017
  0.4215            80162880
  0.4225            84871470
  0.4235            98846990
  0.4245            94800529
  0.4255            99577163
  0.4265            93477183
  0.4275           108440870
  0.4285           125034226
  0.4295           118501631
  0.4305           123637473
  0.4315           115155351
  0.4325           131946439
  0.4335           150668171
  0.4345           141406491
  0.4355           145613876
  0.4365           134543739
  0.4375           153591595
  0.4385           172738694
  0.4395           160949083
  0.4405           163846044
  0.4415           166511245
  0.4425           152385838
  0.4435           188791498
  0.4445           173565404
  0.4455           175411370
  0.4465           176511086
  0.4475           159763477
  0.4485           196043751
  0.4495           178180032
  0.4505           178088324
  0.4515           177777637
  0.4525           159513609
  0.4535           193476861
  0.4545           174371261
  0.4555           172443057
  0.4565           170387309
  0.4575           167895597
  0.4585           165139579
  0.4595           161983736
  0.4605           158982212
  0.4615           155175714
  0.4625           151406173
  0.4635           147442922
  0.4645           143315317
  0.4655           139079222
  0.4665           134619025
  0.4675           129879575
  0.4685           125137343
  0.4695           120231754
  0.4705           115819271
  0.4715           111039515
  0.4725           105960738
  0.4735           101362735
  0.4745            96324340
  0.4755            91890377
  0.4765            87002943
  0.4775            82465671
  0.4785            78009152
  0.4795            73693191
  0.4805            62425109
  0.4815            65269899
  0.4825            61247268
  0.4835            62887516
  0.4845            53152715
  0.4855            49509554
  0.4865            41552620
  0.4875            43157987
  0.4885            43741743
  0.4895            36667968
  0.4905            33756881
  0.4915            28036459
  0.4925            28725369
  0.4935            28963299
  0.4945            23898262
  0.4955            21830780
  0.4965            18057440
  0.4975            18257365
  0.4985            18199151
  0.4995            14935113
  0.5005            13539338
  0.5015            12125346
  0.5025            10932742
  0.5035             9899175
  0.5045             8853661
  0.5055             7935558
  0.5065             7069501
  0.5075             6311471
  0.5085             5601232
  0.5095             4979547
  0.5105             4437665
  0.5115             3937193
  0.5125             3460677
  0.5135             3050200
  0.5145             2683543
  0.5155             2359139
  0.5165             2067080
  0.5175             1789510
  0.5185             1563820
  0.5195             1358160
  0.5205             1184297
  0.5215             1027680
  0.5225              891794
  0.5235              766921
  0.5245              677228
  0.5255              568427
  0.5265              491205
  0.5275              417198
  0.5285              362696
  0.5295              303653
  0.5305              254325
  0.5315              221750
  0.5325              187705
  0.5335              160204
  0.5345              138395
  0.5355              116523
  0.5365               93470
  0.5375               82388
  0.5385               66626
  0.5395               54464
  0.5405               46150
  0.5415               38942
  0.5425               33407
  0.5435               27051
  0.5445               21692
  0.5455               18366
  0.5465               15299
  0.5475               12388
  0.5485               10026
  0.5495                8402
  0.5505                6828
  0.5515                5608
  0.5525                5201
  0.5535                3808
  0.5545                2922
  0.5555                2857
  0.5565                1985
  0.5575                1628
  0.5585                1245
  0.5595                1193
  0.5605                 876
  0.5615                 922
  0.5625                 498
  0.5635                 442
  0.5645                 282
  0.5655                 308
  0.5665                 252
  0.5675                 102
  0.5685                 122
  0.5695                 151
  0.5705                  34
  0.5715                  94
  0.5725                  86
  0.5735                  41
  0.5745                  33
  0.5755                   8
  0.5765                  29
  0.5775                  27
  0.5785                   7
  0.5795                  24
  0.5805                   9
  0.5815                   4
  0.5825                   0
  0.5835                   0
  0.5845                   0
  0.5855                   0
  0.5865                   0
  0.5875                  36
  0.5885                   0
  0.5895                   0
  0.5905                   0
  0.5915                   0
  0.5925                   0
  0.5935                   0
  0.5945                   0
  0.5955                   0
  0.5965                   0
  0.5975                   0
  0.5985                   0
  0.5995                   0
  0.6005                   0
  0.6015                   0
  0.6025                   0
  0.6035                   0
  0.6045                   0
  0.6055                   0
  0.6065                   0
  0.6075                   0
  0.6085                   0
  0.6095                   0
  0.6105                   0
  0.6115                   0
  0.6125                   0
  0.6135                   0
  0.6145                   0
  0.6155                   0
  0.6165                   0
  0.6175                   0
  0.6185                   0
  0.6195                   0
  0.6205                   0
  0.6215                   0
  0.6225                   0
  0.6235                   0
  0.6245                   0
  0.6255                   0
  0.6265                   0
  0.6275                   0
  0.6285                   0
  0.6295                   0
  0.6305                   0
  0.6315                   0
  0.6325                   0
  0.6335                   0
  0.6345                   0
  0.6355                   0
  0.6365                   0
  0.6375                   0
  0.6385                   0
  0.6395                   0
  0.6405                   0
  0.6415                   0
  0.6425                   0
  0.6435                   0
  0.6445                   0
  0.6455                   0
  0.6465                   0
  0.6475                   0
  0.6485                   0
  0.6495                   0
  0.6505                   0
  0.6515                   0
  0.6525                   0
  0.6535                   0
  0.6545                   0
  0.6555                   0
  0.6565                   0
  0.6575                   0
  0.6585                   0
  0.6595                   0
  0.6605                   0
  0.6615                   0
  0.6625                   0
  0.6635                   0
  0.6645                   0
  0.6655                   0
  0.6665                   0
  0.6675                   0
  0.6685                   0
  0.6695                   0
  0.6705                   0
  0.6715                   0
  0.6725                   0
  0.6735                   0
  0.6745                   0
  0.6755                   0
  0.6765                   0
  0.6775                   0
  0.6785                   0
  0.6795                   0
  0.6805                   0
  0.6815                   0
  0.6825                   0
  0.6835                   0
  0.6845                   0
  0.6855                   0
  0.6865                   0
  0.6875                   0
  0.6885                   0
  0.6895                   0
  0.6905                   0
  0.6915                   0
  0.6925                   0
  0.6935                   0
  0.6945                   0
  0.6955                   0
  0.6965                   0
  0.6975                   0
  0.6985                   0
  0.6995                   0
  0.7005                   0
  0.7015                   0
  0.7025                   0
  0.7035                   0
  0.7045                   0
  0.7055                   0
  0.7065                   0
  0.7075                   0
  0.7085                   0
  0.7095                   0
  0.7105                   0
  0.7115                   0
  0.7125                   0
  0.7135                   0
  0.7145                   0
  0.7155                   0
  0.7165                   0
  0.7175                   0
  0.7185                   0
  0.7195                   0
  0.7205                   0
  0.7215                   0
  0.7225                   0
  0.7235                   0
  0.7245                   0
  0.7255                   0
  0.7265                   0
  0.7275                   0
  0.7285                   0
  0.7295                   0
  0.7305                   0
  0.7315                   0
  0.7325                   0
  0.7335                   0
  0.7345                   0
  0.7355                   0
  0.7365                   0
  0.7375                   0
  0.7385                   0
  0.7395                   0
  0.7405                   0
  0.7415                   0
  0.7425                   0
  0.7435                   0
  0.7445                   0
  0.7455                   0
  0.7465                   0
  0.7475                   0
  0.7485                   0
  0.7495                   0
  0.7505                   0
  0.7515                   0
  0.7525                   0
  0.7535                   0
  0.7545                   0
  0.7555                   0
  0.7565                   0
  0.7575                   0
  0.7585                   0
  0.7595                   0
  0.7605                   0
  0.7615                   0
  0.7625                   0
  0.7635                   0
  0.7645                   0
  0.7655                   0
  0.7665                   0
  0.7675                   0
  0.7685                   0
  0.7695                   0
  0.7705                   0
  0.7715                   0
  0.7725                   0
  0.7735                   0
  0.7745                   0
  0.7755                   0
  0.7765                   0
  0.7775                   0
  0.7785                   0
  0.7795                   0
  0.7805                   0
  0.7815                   0
  0.7825                   0
  0.7835                   0
  0.7845                   0
  0.7855                   0
  0.7865                   0
  0.7875                   0
  0.7885                   0
  0.7895                   0
  0.7905                   0
  0.7915                   0
  0.7925                   0
  0.7935                   0
  0.7945                   0
  0.7955                   0
  0.7965                   0
  0.7975                   0
  0.7985                   0
  0.7995                   0
  0.8005                   0
  0.8015                   0
  0.8025                   0
  0.8035                   0
  0.8045                   0
  0.8055                   0
  0.8065                   0
  0.8075                   0
  0.8085                   0
  0.8095                   0
  0.8105                   0
  0.8115                   0
  0.8125                   0
  0.8135                   0
  0.8145                   0
  0.8155                   0
  0.8165                   0
  0.8175                   0
  0.8185                   0
  0.8195                   0
  0.8205                   0
  0.8215                   0
  0.8225                   0
  0.8235                   0
  0.8245                   0
  0.8255                   0
  0.8265                   0
  0.8275                   0
  0.8285                   0
  0.8295                   0
  0.8305                   0
  0.8315                   0
  0.8325                   0
  0.8335                   0
  0.8345                   0
  0.8355                   0
  0.8365                   0
  0.8375                   0
  0.8385                   0
  0.8395                   0
  0.8405                   0
  0.8415                   0
  0.8425                   0
  0.8435                   0
  0.8445                   0
  0.8455                   0
  0.8465                   0
  0.8475                   0
  0.8485                   0
  0.8495                   0
  0.8505                   0
  0.8515                   0
  0.8525                   0
  0.8535                   0
  0.8545                   0
  0.8555                   0
  0.8565                   0
  0.8575                   0
  0.8585                   0
  0.8595                   0
  0.8605                   0
  0.8615                   0
  0.8625                   0
  0.8635                   0
  0.8645                   0
  0.8655                   0
  0.8665                   0
  0.8675                   0
  0.8685                   0
  0.8695                   0
  0.8705                   0
  0.8715                   0
  0.8725                   0
  0.8735                   0
  0.8745                   0
  0.8755                   0
  0.8765                   0
  0.8775                   0
  0.8785                   0
  0.8795                   0
  0.8805                   0
  0.8815                   0
  0.8825                   0
  0.8835                   0
  0.8845                   0
  0.8855                   0
  0.8865                   0
  0.8875                   0
  0.8885                   0
  0.8895                   0
  0.8905                   0
  0.8915                   0
  0.8925                   0
  0.8935                   0
  0.8945                   0
  0.8955                   0
  0.8965                   0
  0.8975                   0
  0.8985                   0
  0.8995                   0
  0.9005                   0
  0.9015                   0
  0.9025                   0
  0.9035                   0
  0.9045                   0
  0.9055                   0
  0.9065                   0
  0.9075                   0
  0.9085                   0
  0.9095                   0
  0.9105                   0
  0.9115                   0
  0.9125                   0
  0.9135                   0
  0.9145                   0
  0.9155                   0
  0.9165                   0
  0.9175                   0
  0.9185                   0
  0.9195                   0
  0.9205                   0
  0.9215                   0
  0.9225                   0
  0.9235                   0
  0.9245                   0
  0.9255                   0
  0.9265                   0
  0.9275                   0
  0.9285                   0
  0.9295                   0
  0.9305                   0
  0.9315                   0
  0.9325                   0
  0.9335                   0
  0.9345                   0
  0.9355                   0
  0.9365                   0
  0.9375                   0
  0.9385                   0
  0.9395                   0
  0.9405                   0
  0.9415                   0
  0.9425                   0
  0.9435                   0
  0.9445                   0
  0.9455                   0
  0.9465                   0
  0.9475                   0
  0.9485                   0
  0.9495                   0
  0.9505                   0
  0.9515                   0
  0.9525                   0
  0.9535                   0
  0.9545                   0
  0.9555                   0
  0.9565                   0
  0.9575                   0
  0.9585                   0
  0.9595                   0
  0.9605                   0
  0.9615                   0
  0.9625                   0
  0.9635                   0
  0.9645                   0
  0.9655                   0
  0.9665                   0
  0.9675                   0
  0.9685                   0
  0.9695                   0
  0.9705                   0
  0.9715                   0
  0.9725                   0
  0.9735                   0
  0.9745                   0
  0.9755                   0
  0.9765                   0
  0.9775                   0
  0.9785                   0
  0.9795                   0
  0.9805                   0
  0.9815                   0
  0.9825                   0
  0.9835                   0
  0.9845                   0
  0.9855                   0
  0.9865                   0
  0.9875                   0
  0.9885                   0
  0.9895                   0
  0.9905                   0
  0.9915                   0
  0.9925                   0
  0.9935                   0
  0.9945                   0
  0.9955                   0
  0.9965                   0
  0.9975                   0
  0.9985                   0
  0.9995                   0
  1.0005                   0
