  0.0025     0.00000000E+000
  0.0075     5.00782520E-003
  0.0125     1.00113636E-002
  0.0175     1.50177788E-002
  0.0225     2.00392116E-002
  0.0275     2.50748615E-002
  0.0325     3.01232199E-002
  0.0375     3.51615433E-002
  0.0425     4.02005950E-002
  0.0475     4.52295421E-002
  0.0525     5.02620182E-002
  0.0575     5.52843108E-002
  0.0625     6.03144760E-002
  0.0675     6.53398173E-002
  0.0725     7.03683457E-002
  0.0775     7.54028938E-002
  0.0825     8.04315053E-002
  0.0875     8.54648510E-002
  0.0925     9.04976946E-002
  0.0975     9.55302820E-002
  0.1025     1.00563220E-001
  0.1075     1.05591281E-001
  0.1125     1.10624726E-001
  0.1175     1.15643823E-001
  0.1225     1.20677192E-001
  0.1275     1.25701887E-001
  0.1325     1.30736831E-001
  0.1375     1.35775303E-001
  0.1425     1.40805329E-001
  0.1475     1.45835139E-001
  0.1525     1.50861015E-001
  0.1575     1.55885121E-001
  0.1625     1.60907827E-001
  0.1675     1.65941722E-001
  0.1725     1.70960890E-001
  0.1775     1.75983986E-001
  0.1825     1.81023579E-001
  0.1875     1.86050568E-001
  0.1925     1.91098103E-001
  0.1975     1.96126356E-001
  0.2025     2.01159896E-001
  0.2075     2.06188726E-001
  0.2125     2.11215172E-001
  0.2175     2.16247710E-001
  0.2225     2.21261284E-001
  0.2275     2.26298064E-001
  0.2325     2.31326477E-001
  0.2375     2.36364105E-001
  0.2425     2.41394220E-001
  0.2475     2.46417574E-001
  0.2525     2.51442603E-001
  0.2575     2.56473823E-001
  0.2625     2.61501563E-001
  0.2675     2.66520277E-001
  0.2725     2.71550472E-001
  0.2775     2.76585581E-001
  0.2825     2.81615452E-001
  0.2875     2.86646701E-001
  0.2925     2.91676439E-001
  0.2975     2.96717276E-001
  0.3025     3.01739036E-001
  0.3075     3.06774260E-001
  0.3125     3.11790649E-001
  0.3175     3.16830623E-001
  0.3225     3.21848550E-001
  0.3275     3.26884400E-001
  0.3325     3.31918171E-001
  0.3375     3.36944346E-001
  0.3425     3.41984903E-001
  0.3475     3.47012558E-001
  0.3525     3.52043976E-001
  0.3575     3.57064446E-001
  0.3625     3.62098855E-001
  0.3675     3.67111158E-001
  0.3725     3.72144516E-001
  0.3775     3.77186180E-001
  0.3825     3.82214627E-001
  0.3875     3.87251083E-001
  0.3925     3.92284560E-001
  0.3975     3.97322136E-001
  0.4025     4.02358138E-001
  0.4075     4.07381594E-001
  0.4125     4.12401054E-001
  0.4175     4.17428317E-001
  0.4225     4.22449148E-001
  0.4275     4.27487620E-001
  0.4325     4.32521950E-001
  0.4375     4.37556495E-001
  0.4425     4.42592942E-001
  0.4475     4.47619610E-001
  0.4525     4.52651953E-001
  0.4575     4.57677382E-001
  0.4625     4.62702921E-001
  0.4675     4.67737474E-001
  0.4725     4.72755009E-001
  0.4775     4.77782006E-001
  0.4825     4.82823585E-001
  0.4875     4.87866310E-001
  0.4925     4.92899833E-001
  0.4975     4.97922562E-001
  0.5025     5.02955772E-001
  0.5075     5.07982350E-001
  0.5125     5.13014392E-001
  0.5175     5.18031570E-001
  0.5225     5.23055268E-001
  0.5275     5.28097243E-001
  0.5325     5.33115230E-001
  0.5375     5.38150796E-001
  0.5425     5.43183484E-001
  0.5475     5.48225345E-001
  0.5525     5.53254473E-001
  0.5575     5.58278580E-001
  0.5625     5.63307007E-001
  0.5675     5.68336079E-001
  0.5725     5.73355822E-001
  0.5775     5.78387075E-001
  0.5825     5.83425469E-001
  0.5875     5.88452608E-001
  0.5925     5.93495187E-001
  0.5975     5.98518732E-001
  0.6025     6.03549334E-001
  0.6075     6.08556981E-001
  0.6125     6.13587359E-001
  0.6175     6.18616534E-001
  0.6225     6.23643685E-001
  0.6275     6.28686888E-001
  0.6325     6.33714090E-001
  0.6375     6.38744291E-001
  0.6425     6.43781004E-001
  0.6475     6.48815045E-001
  0.6525     6.53845538E-001
  0.6575     6.58867626E-001
  0.6625     6.63897968E-001
  0.6675     6.68917534E-001
  0.6725     6.73947607E-001
  0.6775     6.78982832E-001
  0.6825     6.84013831E-001
  0.6875     6.89045752E-001
  0.6925     6.94087432E-001
  0.6975     6.99117978E-001
  0.7025     7.04158955E-001
  0.7075     7.09184336E-001
  0.7125     7.14209053E-001
  0.7175     7.19232148E-001
  0.7225     7.24271036E-001
  0.7275     7.29297648E-001
  0.7325     7.34332407E-001
  0.7375     7.39369135E-001
  0.7425     7.44398522E-001
  0.7475     7.49422848E-001
  0.7525     7.54468080E-001
  0.7575     7.59489287E-001
  0.7625     7.64529267E-001
  0.7675     7.69551479E-001
  0.7725     7.74587903E-001
  0.7775     7.79606952E-001
  0.7825     7.84640568E-001
  0.7875     7.89675705E-001
  0.7925     7.94713326E-001
  0.7975     7.99738671E-001
  0.8025     8.04778852E-001
  0.8075     8.09802332E-001
  0.8125     8.14833104E-001
  0.8175     8.19868653E-001
  0.8225     8.24895190E-001
  0.8275     8.29913559E-001
  0.8325     8.34945773E-001
  0.8375     8.39987242E-001
  0.8425     8.45019178E-001
  0.8475     8.50045992E-001
  0.8525     8.55072793E-001
  0.8575     8.60109977E-001
  0.8625     8.65131003E-001
  0.8675     8.70152513E-001
  0.8725     8.75179301E-001
  0.8775     8.80212760E-001
  0.8825     8.85245667E-001
  0.8875     8.90288005E-001
  0.8925     8.95336298E-001
  0.8975     9.00358808E-001
  0.9025     9.05384159E-001
  0.9075     9.10415415E-001
  0.9125     9.15431835E-001
  0.9175     9.20468205E-001
  0.9225     9.25494039E-001
  0.9275     9.30506304E-001
  0.9325     9.35536816E-001
  0.9375     9.40579950E-001
  0.9425     9.45607651E-001
  0.9475     9.50632079E-001
  0.9525     9.55674600E-001
  0.9575     9.60697576E-001
  0.9625     9.65720247E-001
  0.9675     9.70746592E-001
  0.9725     9.75761350E-001
  0.9775     9.80786046E-001
  0.9825     9.85808367E-001
  0.9875     9.90816127E-001
  0.9925     9.95836457E-001
  0.9975     9.91508715E-001
