  0.0005                   0
  0.0015                   0
  0.0025                   0
  0.0035                   0
  0.0045                   0
  0.0055                   0
  0.0065                   0
  0.0075                   0
  0.0085                   0
  0.0095                   0
  0.0105                   0
  0.0115                   0
  0.0125                   0
  0.0135                   0
  0.0145                   0
  0.0155                   0
  0.0165                   0
  0.0175                   0
  0.0185                   0
  0.0195                   0
  0.0205                   0
  0.0215                   0
  0.0225                   0
  0.0235                   0
  0.0245                   0
  0.0255                   0
  0.0265                   0
  0.0275                   0
  0.0285                   0
  0.0295                   0
  0.0305                   0
  0.0315                   0
  0.0325                   0
  0.0335                   0
  0.0345                   0
  0.0355                   0
  0.0365                   0
  0.0375                   0
  0.0385                   0
  0.0395                   0
  0.0405                   0
  0.0415                   0
  0.0425                   0
  0.0435                   0
  0.0445                   0
  0.0455                   0
  0.0465                   0
  0.0475                   0
  0.0485                   0
  0.0495                   0
  0.0505                   0
  0.0515                   0
  0.0525                   0
  0.0535                   0
  0.0545                   0
  0.0555                   0
  0.0565                   0
  0.0575                   0
  0.0585                   0
  0.0595                   0
  0.0605                   0
  0.0615                   0
  0.0625                   0
  0.0635                   0
  0.0645                   0
  0.0655                   0
  0.0665                   0
  0.0675                   0
  0.0685                   0
  0.0695                   0
  0.0705                   0
  0.0715                   0
  0.0725                   0
  0.0735                   0
  0.0745                   0
  0.0755                   0
  0.0765                   0
  0.0775                   0
  0.0785                   0
  0.0795                   0
  0.0805                   0
  0.0815                   0
  0.0825                   0
  0.0835                   0
  0.0845                   0
  0.0855                   0
  0.0865                   0
  0.0875                   0
  0.0885                   0
  0.0895                   0
  0.0905                   0
  0.0915                   0
  0.0925                   0
  0.0935                   0
  0.0945                   0
  0.0955                   0
  0.0965                   0
  0.0975                   0
  0.0985                   0
  0.0995                   0
  0.1005                   0
  0.1015                   0
  0.1025                   0
  0.1035                   0
  0.1045                   0
  0.1055                   0
  0.1065                   0
  0.1075                   0
  0.1085                   0
  0.1095                   0
  0.1105                   0
  0.1115                   0
  0.1125                   0
  0.1135                   0
  0.1145                   0
  0.1155                   0
  0.1165                   0
  0.1175                   0
  0.1185                   0
  0.1195                   0
  0.1205                   0
  0.1215                   0
  0.1225                   0
  0.1235                   0
  0.1245                   0
  0.1255                   0
  0.1265                   0
  0.1275                   0
  0.1285                   0
  0.1295                   0
  0.1305                   0
  0.1315                   0
  0.1325                   0
  0.1335                   0
  0.1345                   0
  0.1355                   0
  0.1365                   0
  0.1375                   0
  0.1385                   0
  0.1395                   0
  0.1405                   0
  0.1415                   0
  0.1425                   0
  0.1435                   0
  0.1445                   0
  0.1455                   0
  0.1465                   0
  0.1475                   0
  0.1485                   0
  0.1495                   0
  0.1505                   0
  0.1515                   0
  0.1525                   0
  0.1535                   0
  0.1545                   0
  0.1555                   0
  0.1565                   0
  0.1575                   0
  0.1585                   0
  0.1595                   0
  0.1605                   0
  0.1615                   0
  0.1625                   0
  0.1635                   0
  0.1645                   0
  0.1655                   0
  0.1665                   0
  0.1675                   0
  0.1685                   0
  0.1695                   0
  0.1705                   0
  0.1715                   0
  0.1725                   0
  0.1735                   0
  0.1745                   0
  0.1755                   0
  0.1765                   0
  0.1775                   0
  0.1785                   0
  0.1795                   0
  0.1805                   0
  0.1815                   0
  0.1825                   0
  0.1835                   0
  0.1845                   0
  0.1855                   0
  0.1865                   0
  0.1875                   0
  0.1885                   0
  0.1895                   0
  0.1905                   0
  0.1915                   0
  0.1925                   0
  0.1935                   0
  0.1945                   0
  0.1955                   0
  0.1965                   0
  0.1975                   0
  0.1985                   0
  0.1995                   0
  0.2005                   0
  0.2015                   0
  0.2025                   0
  0.2035                   0
  0.2045                   0
  0.2055                   0
  0.2065                   0
  0.2075                   0
  0.2085                   0
  0.2095                   0
  0.2105                   0
  0.2115                   0
  0.2125                   0
  0.2135                   0
  0.2145                   0
  0.2155                   0
  0.2165                   0
  0.2175                   0
  0.2185                   0
  0.2195                   0
  0.2205                   0
  0.2215                   0
  0.2225                   0
  0.2235                   0
  0.2245                   0
  0.2255                   0
  0.2265                   0
  0.2275                   0
  0.2285                   0
  0.2295                   0
  0.2305                   0
  0.2315                   0
  0.2325                   0
  0.2335                   0
  0.2345                   0
  0.2355                   0
  0.2365                   0
  0.2375                   0
  0.2385                   0
  0.2395                   0
  0.2405                   0
  0.2415                   0
  0.2425                   0
  0.2435                   0
  0.2445                   0
  0.2455                   0
  0.2465                   0
  0.2475                   0
  0.2485                   0
  0.2495                   0
  0.2505                   0
  0.2515                   0
  0.2525                   0
  0.2535                   0
  0.2545                   0
  0.2555                   0
  0.2565                   0
  0.2575                   0
  0.2585                   0
  0.2595                   0
  0.2605                   0
  0.2615                   0
  0.2625                   0
  0.2635                   0
  0.2645                   0
  0.2655                   0
  0.2665                   0
  0.2675                   0
  0.2685                   0
  0.2695                   0
  0.2705                   0
  0.2715                   0
  0.2725                   0
  0.2735                   0
  0.2745                   0
  0.2755                   0
  0.2765                   0
  0.2775                   0
  0.2785                   0
  0.2795                   0
  0.2805                   0
  0.2815                   0
  0.2825                   0
  0.2835                   0
  0.2845                   0
  0.2855                   0
  0.2865                   0
  0.2875                   0
  0.2885                   0
  0.2895                   0
  0.2905                   0
  0.2915                   0
  0.2925                   0
  0.2935                   0
  0.2945                   0
  0.2955                   0
  0.2965                   0
  0.2975                   0
  0.2985                   0
  0.2995                   0
  0.3005                   0
  0.3015                   0
  0.3025                   0
  0.3035                   0
  0.3045                   0
  0.3055                   0
  0.3065                   0
  0.3075                   0
  0.3085                   0
  0.3095                   0
  0.3105                   0
  0.3115                   0
  0.3125                   0
  0.3135                   0
  0.3145                   0
  0.3155                   0
  0.3165                   0
  0.3175                   0
  0.3185                   0
  0.3195                   0
  0.3205                   0
  0.3215                   0
  0.3225                   0
  0.3235                   0
  0.3245                   0
  0.3255                   0
  0.3265                   0
  0.3275                   0
  0.3285                   0
  0.3295                   0
  0.3305                   0
  0.3315                   0
  0.3325                   0
  0.3335                   0
  0.3345                   0
  0.3355                   0
  0.3365                   0
  0.3375                   0
  0.3385                   0
  0.3395                   0
  0.3405                   0
  0.3415                   0
  0.3425                   0
  0.3435                   0
  0.3445                   0
  0.3455                   0
  0.3465                   0
  0.3475                   0
  0.3485                   0
  0.3495                   0
  0.3505                   0
  0.3515                   0
  0.3525                   0
  0.3535                   0
  0.3545                   0
  0.3555                   0
  0.3565                   0
  0.3575                   0
  0.3585                   0
  0.3595                   0
  0.3605                   0
  0.3615                   0
  0.3625                   0
  0.3635                   0
  0.3645                   0
  0.3655                   0
  0.3665                   0
  0.3675                   0
  0.3685                   0
  0.3695                   0
  0.3705                   0
  0.3715                   0
  0.3725                   0
  0.3735                   0
  0.3745                   0
  0.3755                   0
  0.3765                   0
  0.3775                   0
  0.3785                   0
  0.3795                   0
  0.3805                   0
  0.3815                   0
  0.3825                   0
  0.3835                   0
  0.3845                   0
  0.3855                   0
  0.3865                   0
  0.3875                   0
  0.3885                   0
  0.3895                   0
  0.3905                   0
  0.3915                   0
  0.3925                   0
  0.3935                   0
  0.3945                   0
  0.3955                   0
  0.3965                   0
  0.3975                   0
  0.3985                   0
  0.3995                   0
  0.4005                   0
  0.4015                   0
  0.4025                   0
  0.4035                   0
  0.4045                   0
  0.4055                   0
  0.4065                   0
  0.4075                   0
  0.4085                   0
  0.4095                   0
  0.4105                   0
  0.4115                   0
  0.4125                   0
  0.4135                   0
  0.4145                   0
  0.4155                   0
  0.4165                   0
  0.4175                   0
  0.4185                   0
  0.4195                   0
  0.4205                   0
  0.4215                   0
  0.4225                   0
  0.4235                   0
  0.4245                   0
  0.4255                   0
  0.4265                   0
  0.4275                   0
  0.4285                   0
  0.4295                   0
  0.4305                   0
  0.4315                   0
  0.4325                   0
  0.4335                   0
  0.4345                   0
  0.4355                   0
  0.4365                   0
  0.4375                   0
  0.4385                   0
  0.4395                   0
  0.4405                   0
  0.4415                   0
  0.4425                   0
  0.4435                   0
  0.4445                   0
  0.4455                   0
  0.4465                   0
  0.4475                   0
  0.4485                   0
  0.4495                   0
  0.4505                   0
  0.4515                   0
  0.4525                   0
  0.4535                   0
  0.4545                   0
  0.4555                   0
  0.4565                   0
  0.4575                   0
  0.4585                   0
  0.4595                   0
  0.4605                   0
  0.4615                   0
  0.4625                   0
  0.4635                   0
  0.4645                   0
  0.4655                   0
  0.4665                   0
  0.4675                   0
  0.4685                   0
  0.4695                   0
  0.4705                   0
  0.4715                   0
  0.4725                   0
  0.4735                   0
  0.4745                   0
  0.4755                   0
  0.4765                   0
  0.4775                   0
  0.4785                   0
  0.4795                   0
  0.4805                   0
  0.4815                   0
  0.4825                   0
  0.4835                   0
  0.4845                   0
  0.4855                   0
  0.4865                   0
  0.4875                   0
  0.4885                   0
  0.4895                   0
  0.4905                   0
  0.4915                   0
  0.4925                   0
  0.4935                   0
  0.4945                   0
  0.4955                   0
  0.4965                   0
  0.4975                   0
  0.4985                   0
  0.4995                   0
  0.5005                   0
  0.5015                   0
  0.5025                   0
  0.5035                   0
  0.5045                   0
  0.5055                   0
  0.5065                   0
  0.5075                   0
  0.5085                   0
  0.5095                   0
  0.5105                   0
  0.5115                   0
  0.5125                   0
  0.5135                   0
  0.5145                   0
  0.5155                   0
  0.5165                   0
  0.5175                   0
  0.5185                   0
  0.5195                   0
  0.5205                   0
  0.5215                   0
  0.5225                   0
  0.5235                   0
  0.5245                   0
  0.5255                   0
  0.5265                   0
  0.5275                   0
  0.5285                   0
  0.5295                   0
  0.5305                   0
  0.5315                   0
  0.5325                   0
  0.5335                   0
  0.5345                   0
  0.5355                   0
  0.5365                   0
  0.5375                   0
  0.5385                   0
  0.5395                   0
  0.5405                   0
  0.5415                   0
  0.5425                   0
  0.5435                   0
  0.5445                   0
  0.5455                   0
  0.5465                   0
  0.5475                   0
  0.5485                   0
  0.5495                   0
  0.5505                   0
  0.5515                   0
  0.5525                   0
  0.5535                   0
  0.5545                   0
  0.5555                   0
  0.5565                   0
  0.5575                   0
  0.5585                   0
  0.5595                   0
  0.5605                   0
  0.5615                   0
  0.5625                   0
  0.5635                   0
  0.5645                   0
  0.5655                   0
  0.5665                   0
  0.5675                   0
  0.5685                   0
  0.5695                   0
  0.5705                   0
  0.5715                   0
  0.5725                   0
  0.5735                   0
  0.5745                   0
  0.5755                   0
  0.5765                   0
  0.5775                   0
  0.5785                   0
  0.5795                   0
  0.5805                   0
  0.5815                   0
  0.5825                   0
  0.5835                   0
  0.5845                   0
  0.5855                   0
  0.5865                   0
  0.5875                   0
  0.5885                   0
  0.5895                   0
  0.5905                   0
  0.5915                   0
  0.5925                   0
  0.5935                   0
  0.5945                   0
  0.5955                   0
  0.5965                   0
  0.5975                   0
  0.5985                   0
  0.5995                   0
  0.6005                   0
  0.6015                   0
  0.6025                   0
  0.6035                   0
  0.6045                   0
  0.6055                   0
  0.6065                   0
  0.6075                   0
  0.6085                   0
  0.6095                   0
  0.6105                   0
  0.6115                   0
  0.6125                   0
  0.6135                   0
  0.6145                   0
  0.6155                   0
  0.6165                   0
  0.6175                   0
  0.6185                   0
  0.6195                   0
  0.6205                   0
  0.6215                   0
  0.6225                   0
  0.6235                   0
  0.6245                   0
  0.6255                   0
  0.6265                   0
  0.6275                   0
  0.6285                   0
  0.6295                   0
  0.6305                   0
  0.6315                   0
  0.6325                   0
  0.6335                   0
  0.6345                   0
  0.6355                   0
  0.6365                   0
  0.6375                   0
  0.6385                   0
  0.6395                   0
  0.6405                   0
  0.6415                   0
  0.6425                   0
  0.6435                   0
  0.6445                   0
  0.6455                   0
  0.6465                   0
  0.6475                   0
  0.6485                   0
  0.6495                   0
  0.6505                   0
  0.6515                   0
  0.6525                   0
  0.6535                   0
  0.6545                   0
  0.6555                   0
  0.6565                   0
  0.6575                   0
  0.6585                   0
  0.6595                   0
  0.6605                   0
  0.6615                   0
  0.6625                   0
  0.6635                   0
  0.6645                   0
  0.6655                   0
  0.6665                   0
  0.6675                   0
  0.6685                   0
  0.6695                   0
  0.6705                   0
  0.6715                   0
  0.6725                   0
  0.6735                   0
  0.6745                   0
  0.6755                   0
  0.6765                   0
  0.6775                   0
  0.6785                   0
  0.6795                   0
  0.6805                   0
  0.6815                   0
  0.6825                   0
  0.6835                   0
  0.6845                   0
  0.6855                   0
  0.6865                   0
  0.6875                   0
  0.6885                   0
  0.6895                   0
  0.6905                   0
  0.6915                   0
  0.6925                   0
  0.6935                   0
  0.6945                   0
  0.6955                   0
  0.6965                   0
  0.6975                   0
  0.6985                   0
  0.6995                   0
  0.7005                   0
  0.7015                   0
  0.7025                   0
  0.7035                   0
  0.7045                   0
  0.7055                   0
  0.7065                   0
  0.7075                   0
  0.7085                   0
  0.7095                   0
  0.7105                   0
  0.7115                   0
  0.7125                   0
  0.7135                   0
  0.7145                   0
  0.7155                   0
  0.7165                   0
  0.7175                   0
  0.7185                   0
  0.7195                   0
  0.7205                   0
  0.7215                   0
  0.7225                   0
  0.7235                   0
  0.7245                   0
  0.7255                   0
  0.7265                   0
  0.7275                   0
  0.7285                   0
  0.7295                   0
  0.7305                   0
  0.7315                   0
  0.7325                   0
  0.7335                   0
  0.7345                   0
  0.7355                   0
  0.7365                   0
  0.7375                   0
  0.7385                   0
  0.7395                   0
  0.7405                   0
  0.7415                   0
  0.7425                   0
  0.7435                   0
  0.7445                   0
  0.7455                   0
  0.7465                   0
  0.7475                   0
  0.7485                   0
  0.7495                   0
  0.7505                   0
  0.7515                   0
  0.7525                   0
  0.7535                   0
  0.7545                   0
  0.7555                   0
  0.7565                   0
  0.7575                   0
  0.7585                   0
  0.7595                   0
  0.7605                   0
  0.7615                   0
  0.7625                   0
  0.7635                   0
  0.7645                   0
  0.7655                   0
  0.7665                   0
  0.7675                   0
  0.7685                   0
  0.7695                   0
  0.7705                   0
  0.7715                   0
  0.7725                   0
  0.7735                   0
  0.7745                   0
  0.7755                   0
  0.7765                   0
  0.7775                   0
  0.7785                   0
  0.7795                   0
  0.7805                   0
  0.7815                   0
  0.7825                   0
  0.7835                   0
  0.7845                   0
  0.7855                   0
  0.7865                   0
  0.7875                   0
  0.7885                   0
  0.7895                   0
  0.7905                   0
  0.7915                   0
  0.7925                   0
  0.7935                   0
  0.7945                   0
  0.7955                   0
  0.7965                   0
  0.7975                   0
  0.7985                   0
  0.7995                   0
  0.8005                   0
  0.8015                   0
  0.8025                   0
  0.8035                   0
  0.8045                   0
  0.8055                   0
  0.8065                   0
  0.8075                   0
  0.8085                   0
  0.8095                   0
  0.8105                   0
  0.8115                   0
  0.8125                   0
  0.8135                   0
  0.8145                   0
  0.8155                   0
  0.8165                   0
  0.8175                   0
  0.8185                   0
  0.8195                   0
  0.8205                   0
  0.8215                   0
  0.8225                   0
  0.8235                   0
  0.8245                   0
  0.8255                   0
  0.8265                   0
  0.8275                   0
  0.8285                   0
  0.8295                   0
  0.8305                   0
  0.8315                   0
  0.8325                   0
  0.8335                   0
  0.8345                   0
  0.8355                   0
  0.8365                   0
  0.8375                   0
  0.8385                   0
  0.8395                   0
  0.8405                   0
  0.8415                   0
  0.8425                   0
  0.8435                   0
  0.8445                   0
  0.8455                   0
  0.8465                   0
  0.8475                   0
  0.8485                   0
  0.8495                   0
  0.8505                   0
  0.8515                   0
  0.8525                   0
  0.8535                   0
  0.8545                   0
  0.8555                   0
  0.8565                   0
  0.8575                   0
  0.8585                   0
  0.8595                   0
  0.8605                   0
  0.8615                   0
  0.8625                   0
  0.8635                   0
  0.8645                   0
  0.8655                   0
  0.8665                   0
  0.8675                   0
  0.8685                   0
  0.8695                   0
  0.8705                   0
  0.8715                   0
  0.8725                   0
  0.8735                   0
  0.8745                   0
  0.8755                   0
  0.8765                   0
  0.8775                   0
  0.8785                   0
  0.8795                   0
  0.8805                   0
  0.8815                   0
  0.8825                   0
  0.8835                   0
  0.8845                   0
  0.8855                   0
  0.8865                   0
  0.8875                   0
  0.8885                   0
  0.8895                   0
  0.8905                   0
  0.8915                   0
  0.8925                   0
  0.8935                   0
  0.8945                   0
  0.8955                   0
  0.8965                   0
  0.8975                   0
  0.8985                   0
  0.8995                   0
  0.9005                   0
  0.9015                   0
  0.9025                   0
  0.9035                   0
  0.9045                   0
  0.9055                   0
  0.9065                   0
  0.9075                   0
  0.9085                   0
  0.9095                   0
  0.9105                   0
  0.9115                   0
  0.9125                   0
  0.9135                   0
  0.9145                   0
  0.9155                   0
  0.9165                   0
  0.9175                   0
  0.9185                   0
  0.9195                   0
  0.9205                   0
  0.9215                   0
  0.9225                   0
  0.9235                   0
  0.9245                   0
  0.9255                   0
  0.9265                   0
  0.9275                   0
  0.9285                   0
  0.9295                   0
  0.9305                   0
  0.9315                   0
  0.9325                   0
  0.9335                   0
  0.9345                   0
  0.9355                   0
  0.9365                   0
  0.9375                   0
  0.9385                   0
  0.9395                   0
  0.9405                   0
  0.9415                   0
  0.9425                   0
  0.9435                   0
  0.9445                   0
  0.9455                   0
  0.9465                   0
  0.9475                   0
  0.9485                   0
  0.9495                   0
  0.9505                   0
  0.9515                   0
  0.9525                   0
  0.9535                   0
  0.9545                   0
  0.9555                   0
  0.9565                   0
  0.9575                   0
  0.9585                   0
  0.9595                   0
  0.9605                   0
  0.9615                   0
  0.9625                   0
  0.9635                   0
  0.9645                   0
  0.9655                   0
  0.9665                   0
  0.9675                   0
  0.9685                   0
  0.9695                   0
  0.9705                   0
  0.9715                   0
  0.9725                   0
  0.9735                   0
  0.9745                   0
  0.9755                   0
  0.9765                   0
  0.9775                   0
  0.9785                   0
  0.9795                   0
  0.9805                   0
  0.9815                   0
  0.9825                   0
  0.9835                   0
  0.9845                   0
  0.9855                   0
  0.9865                   0
  0.9875                   0
  0.9885                   0
  0.9895                   0
  0.9905                   0
  0.9915                   0
  0.9925                   0
  0.9935                   0
  0.9945                   0
  0.9955                   0
  0.9965                   0
  0.9975                   0
  0.9985                   0
  0.9995                   0
  1.0005                   0
  1.0015                   0
  1.0025                   0
  1.0035                   0
  1.0045                   0
  1.0055                   0
  1.0065                   0
  1.0075                   0
  1.0085                   0
  1.0095                   0
  1.0105                   0
  1.0115                   0
  1.0125                   0
  1.0135                   0
  1.0145                   0
  1.0155                   0
  1.0165                   0
  1.0175                   0
  1.0185                   0
  1.0195                   0
  1.0205                   0
  1.0215                   0
  1.0225                   0
  1.0235                   0
  1.0245                   0
  1.0255                   0
  1.0265                   0
  1.0275                   0
  1.0285                   0
  1.0295                   0
  1.0305                   0
  1.0315                   0
  1.0325                   0
  1.0335                   0
  1.0345                   0
  1.0355                   0
  1.0365                   0
  1.0375                   0
  1.0385                   0
  1.0395                   0
  1.0405                   0
  1.0415                   0
  1.0425                   0
  1.0435                   0
  1.0445                   0
  1.0455                   0
  1.0465                   0
  1.0475                   0
  1.0485                   0
  1.0495                   0
  1.0505                   0
  1.0515                   0
  1.0525                   0
  1.0535                   0
  1.0545                   0
  1.0555                   0
  1.0565                   0
  1.0575                   0
  1.0585                   0
  1.0595                   0
  1.0605                   0
  1.0615                   0
  1.0625                   0
  1.0635                   0
  1.0645                   0
  1.0655                   0
  1.0665                   0
  1.0675                   0
  1.0685                   0
  1.0695                   0
  1.0705                   0
  1.0715                   0
  1.0725                   0
  1.0735                   0
  1.0745                   0
  1.0755                   0
  1.0765                   0
  1.0775                   0
  1.0785                   0
  1.0795                   0
  1.0805                   0
  1.0815                   0
  1.0825                   0
  1.0835                   0
  1.0845                   0
  1.0855                   0
  1.0865                   0
  1.0875                   0
  1.0885                   0
  1.0895                   0
  1.0905                   0
  1.0915                   0
  1.0925                   0
  1.0935                   0
  1.0945                   0
  1.0955                   0
  1.0965                   0
  1.0975                   0
  1.0985                   0
  1.0995                   0
  1.1005                   0
  1.1015                   0
  1.1025                   0
  1.1035                   0
  1.1045                   0
  1.1055                   0
  1.1065                   0
  1.1075                   0
  1.1085                   0
  1.1095                   0
  1.1105                   0
  1.1115                   0
  1.1125                   0
  1.1135                   0
  1.1145                   0
  1.1155                   0
  1.1165                   0
  1.1175                   0
  1.1185                   0
  1.1195                   0
  1.1205                   0
  1.1215                   0
  1.1225                   0
  1.1235                   0
  1.1245                   0
  1.1255                   0
  1.1265                   0
  1.1275                   0
  1.1285                   0
  1.1295                   0
  1.1305                   0
  1.1315                   0
  1.1325                   0
  1.1335                   0
  1.1345                   0
  1.1355                   0
  1.1365                   0
  1.1375                   0
  1.1385                   0
  1.1395                   0
  1.1405                   0
  1.1415                   0
  1.1425                   0
  1.1435                   0
  1.1445                   0
  1.1455                   0
  1.1465                   0
  1.1475                   0
  1.1485                   0
  1.1495                   0
  1.1505                   0
  1.1515                   0
  1.1525                   0
  1.1535                   0
  1.1545                   0
  1.1555                   0
  1.1565                   0
  1.1575                   0
  1.1585                   0
  1.1595                   0
  1.1605                   0
  1.1615                   0
  1.1625                   0
  1.1635                   0
  1.1645                   0
  1.1655                   0
  1.1665                   0
  1.1675                   0
  1.1685                   0
  1.1695                   0
  1.1705                   0
  1.1715                   0
  1.1725                   0
  1.1735                   0
  1.1745                   0
  1.1755                   0
  1.1765                   0
  1.1775                   0
  1.1785                   0
  1.1795                   0
  1.1805                   0
  1.1815                   0
  1.1825                   0
  1.1835                   0
  1.1845                   0
  1.1855                   0
  1.1865                   0
  1.1875                   0
  1.1885                   0
  1.1895                   0
  1.1905                   0
  1.1915                   0
  1.1925                   0
  1.1935                   0
  1.1945                   0
  1.1955                   0
  1.1965                   0
  1.1975                   0
  1.1985                   0
  1.1995                   0
  1.2005                   0
  1.2015                   0
  1.2025                   0
  1.2035                   0
  1.2045                  13
  1.2055                   2
  1.2065                   4
  1.2075                   2
  1.2085                   0
  1.2095                   3
  1.2105                  11
  1.2115                  16
  1.2125                  20
  1.2135                  50
  1.2145                  35
  1.2155                  18
  1.2165                  29
  1.2175                  82
  1.2185                  51
  1.2195                  99
  1.2205                 105
  1.2215                 186
  1.2225                 293
  1.2235                 283
  1.2245                 231
  1.2255                 339
  1.2265                 363
  1.2275                 526
  1.2285                 550
  1.2295                 659
  1.2305                 842
  1.2315                1289
  1.2325                1435
  1.2335                1613
  1.2345                1958
  1.2355                2644
  1.2365                3212
  1.2375                3642
  1.2385                4525
  1.2395                5100
  1.2405                6110
  1.2415                7220
  1.2425                8536
  1.2435               10423
  1.2445               12957
  1.2455               15128
  1.2465               17991
  1.2475               21245
  1.2485               24344
  1.2495               28485
  1.2505               34733
  1.2515               39890
  1.2525               46792
  1.2535               53351
  1.2545               62585
  1.2555               72633
  1.2565               83161
  1.2575               96838
  1.2585              113307
  1.2595              130590
  1.2605              150122
  1.2615              169474
  1.2625              195513
  1.2635              223444
  1.2645              255128
  1.2655              291447
  1.2665              327822
  1.2675              378096
  1.2685              426867
  1.2695              482119
  1.2705              538358
  1.2715              607084
  1.2725              678935
  1.2735              761692
  1.2745              853985
  1.2755              951672
  1.2765             1055686
  1.2775             1175475
  1.2785             1303020
  1.2795             1446850
  1.2805             1595505
  1.2815             1763129
  1.2825             1938075
  1.2835             2126004
  1.2845             2329833
  1.2855             2555547
  1.2865             2784789
  1.2875             3030242
  1.2885             3294091
  1.2895             3572723
  1.2905             3882605
  1.2915             4181067
  1.2925             4516218
  1.2935             4859119
  1.2945             5211920
  1.2955             5582334
  1.2965             5978477
  1.2975             6390263
  1.2985             6804456
  1.2995             7234287
  1.3005             7682130
  1.3015             8125140
  1.3025             8593475
  1.3035             9066854
  1.3045             9528801
  1.3055            10031852
  1.3065            10515493
  1.3075            10980354
  1.3085            11473969
  1.3095            11957421
  1.3105            12445096
  1.3115            12925167
  1.3125            13383444
  1.3135            13831611
  1.3145            14256572
  1.3155            14687495
  1.3165            15111106
  1.3175            15484497
  1.3185            15849830
  1.3195            16193104
  1.3205            16498861
  1.3215            16793813
  1.3225            17048692
  1.3235            17265070
  1.3245            17465347
  1.3255            17616445
  1.3265            17750141
  1.3275            17834995
  1.3285            17875296
  1.3295            17910723
  1.3305            17887620
  1.3315            17845099
  1.3325            17744513
  1.3335            17632433
  1.3345            17451705
  1.3355            17278403
  1.3365            17045677
  1.3375            16785871
  1.3385            16496871
  1.3395            16200402
  1.3405            15854493
  1.3415            15494049
  1.3425            15111921
  1.3435            14709059
  1.3445            14275494
  1.3455            13823813
  1.3465            13379452
  1.3475            12915993
  1.3485            12445969
  1.3495            11974761
  1.3505            11491169
  1.3515            10973419
  1.3525            10509755
  1.3535            10024272
  1.3545             9543314
  1.3555             9060667
  1.3565             8590374
  1.3575             8140840
  1.3585             7671878
  1.3595             7226763
  1.3605             6796130
  1.3615             6383020
  1.3625             5972139
  1.3635             5588411
  1.3645             5210331
  1.3655             4855699
  1.3665             4505110
  1.3675             4179059
  1.3685             3868944
  1.3695             3566857
  1.3705             3291951
  1.3715             3025932
  1.3725             2781768
  1.3735             2545831
  1.3745             2327529
  1.3755             2124065
  1.3765             1933955
  1.3775             1756502
  1.3785             1593084
  1.3795             1438316
  1.3805             1304013
  1.3815             1173617
  1.3825             1060419
  1.3835              946146
  1.3845              846013
  1.3855              759976
  1.3865              677692
  1.3875              602988
  1.3885              534384
  1.3895              473075
  1.3905              421523
  1.3915              371525
  1.3925              326210
  1.3935              288988
  1.3945              251480
  1.3955              221317
  1.3965              194084
  1.3975              168394
  1.3985              146520
  1.3995              127976
  1.4005              110922
  1.4015               95610
  1.4025               82531
  1.4035               71593
  1.4045               62031
  1.4055               52928
  1.4065               45338
  1.4075               38016
  1.4085               33277
  1.4095               28270
  1.4105               24093
  1.4115               20110
  1.4125               17096
  1.4135               14439
  1.4145               12350
  1.4155               10302
  1.4165                8703
  1.4175                7392
  1.4185                6083
  1.4195                5127
  1.4205                4221
  1.4215                3625
  1.4225                2849
  1.4235                2375
  1.4245                1962
  1.4255                1654
  1.4265                1391
  1.4275                1016
  1.4285                 916
  1.4295                 759
  1.4305                 571
  1.4315                 474
  1.4325                 405
  1.4335                 328
  1.4345                 306
  1.4355                 182
  1.4365                 213
  1.4375                 119
  1.4385                 104
  1.4395                 143
  1.4405                  72
  1.4415                  55
  1.4425                  35
  1.4435                  40
  1.4445                  35
  1.4455                  13
  1.4465                  24
  1.4475                  15
  1.4485                  10
  1.4495                  11
  1.4505                   2
  1.4515                   5
  1.4525                  10
  1.4535                   1
  1.4545                   4
  1.4555                   1
  1.4565                   0
  1.4575                   2
  1.4585                   2
  1.4595                   0
  1.4605                   0
  1.4615                   0
  1.4625                   0
  1.4635                   1
  1.4645                   0
  1.4655                   0
  1.4665                   0
  1.4675                   0
  1.4685                   0
  1.4695                   0
  1.4705                   0
  1.4715                   0
  1.4725                   0
  1.4735                   0
  1.4745                   0
  1.4755                   0
  1.4765                   0
  1.4775                   0
  1.4785                   0
  1.4795                   0
  1.4805                   0
  1.4815                   0
  1.4825                   0
  1.4835                   0
  1.4845                   0
  1.4855                   0
  1.4865                   0
  1.4875                   0
  1.4885                   0
  1.4895                   0
  1.4905                   0
  1.4915                   0
  1.4925                   0
  1.4935                   0
  1.4945                   0
  1.4955                   0
  1.4965                   0
  1.4975                   0
  1.4985                   0
  1.4995                   0
  1.5005                   0
  1.5015                   0
  1.5025                   0
  1.5035                   0
  1.5045                   0
  1.5055                   0
  1.5065                   0
  1.5075                   0
  1.5085                   0
  1.5095                   0
  1.5105                   0
  1.5115                   0
  1.5125                   0
  1.5135                   0
  1.5145                   0
  1.5155                   0
  1.5165                   0
  1.5175                   0
  1.5185                   0
  1.5195                   0
  1.5205                   0
  1.5215                   0
  1.5225                   0
  1.5235                   0
  1.5245                   0
  1.5255                   0
  1.5265                   0
  1.5275                   0
  1.5285                   0
  1.5295                   0
  1.5305                   0
  1.5315                   0
  1.5325                   0
  1.5335                   0
  1.5345                   0
  1.5355                   0
  1.5365                   0
  1.5375                   0
  1.5385                   0
  1.5395                   0
  1.5405                   0
  1.5415                   0
  1.5425                   0
  1.5435                   0
  1.5445                   0
  1.5455                   0
  1.5465                   0
  1.5475                   0
  1.5485                   0
  1.5495                   0
  1.5505                   0
  1.5515                   0
  1.5525                   0
  1.5535                   0
  1.5545                   0
  1.5555                   0
  1.5565                   0
  1.5575                   0
  1.5585                   0
  1.5595                   0
  1.5605                   0
  1.5615                   0
  1.5625                   0
  1.5635                   0
  1.5645                   0
  1.5655                   0
  1.5665                   0
  1.5675                   0
  1.5685                   0
  1.5695                   0
  1.5705                   0
  1.5715                   0
  1.5725                   0
  1.5735                   0
  1.5745                   0
  1.5755                   0
  1.5765                   0
  1.5775                   0
  1.5785                   0
  1.5795                   0
  1.5805                   0
  1.5815                   0
  1.5825                   0
  1.5835                   0
  1.5845                   0
  1.5855                   0
  1.5865                   0
  1.5875                   0
  1.5885                   0
  1.5895                   0
  1.5905                   0
  1.5915                   0
  1.5925                   0
  1.5935                   0
  1.5945                   0
  1.5955                   0
  1.5965                   0
  1.5975                   0
  1.5985                   0
  1.5995                   0
  1.6005                   0
  1.6015                   0
  1.6025                   0
  1.6035                   0
  1.6045                   0
  1.6055                   0
  1.6065                   0
  1.6075                   0
  1.6085                   0
  1.6095                   0
  1.6105                   0
  1.6115                   0
  1.6125                   0
  1.6135                   0
  1.6145                   0
  1.6155                   0
  1.6165                   0
  1.6175                   0
  1.6185                   0
  1.6195                   0
  1.6205                   0
  1.6215                   0
  1.6225                   0
  1.6235                   0
  1.6245                   0
  1.6255                   0
  1.6265                   0
  1.6275                   0
  1.6285                   0
  1.6295                   0
  1.6305                   0
  1.6315                   0
  1.6325                   0
  1.6335                   0
  1.6345                   0
  1.6355                   0
  1.6365                   0
  1.6375                   0
  1.6385                   0
  1.6395                   0
  1.6405                   0
  1.6415                   0
  1.6425                   0
  1.6435                   0
  1.6445                   0
  1.6455                   0
  1.6465                   0
  1.6475                   0
  1.6485                   0
  1.6495                   0
  1.6505                   0
  1.6515                   0
  1.6525                   0
  1.6535                   0
  1.6545                   0
  1.6555                   0
  1.6565                   0
  1.6575                   0
  1.6585                   0
  1.6595                   0
  1.6605                   0
  1.6615                   0
  1.6625                   0
  1.6635                   0
  1.6645                   0
  1.6655                   0
  1.6665                   0
  1.6675                   0
  1.6685                   0
  1.6695                   0
  1.6705                   0
  1.6715                   0
  1.6725                   0
  1.6735                   0
  1.6745                   0
  1.6755                   0
  1.6765                   0
  1.6775                   0
  1.6785                   0
  1.6795                   0
  1.6805                   0
  1.6815                   0
  1.6825                   0
  1.6835                   0
  1.6845                   0
  1.6855                   0
  1.6865                   0
  1.6875                   0
  1.6885                   0
  1.6895                   0
  1.6905                   0
  1.6915                   0
  1.6925                   0
  1.6935                   0
  1.6945                   0
  1.6955                   0
  1.6965                   0
  1.6975                   0
  1.6985                   0
  1.6995                   0
  1.7005                   0
  1.7015                   0
  1.7025                   0
  1.7035                   0
  1.7045                   0
  1.7055                   0
  1.7065                   0
  1.7075                   0
  1.7085                   0
  1.7095                   0
  1.7105                   0
  1.7115                   0
  1.7125                   0
  1.7135                   0
  1.7145                   0
  1.7155                   0
  1.7165                   0
  1.7175                   0
  1.7185                   0
  1.7195                   0
  1.7205                   0
  1.7215                   0
  1.7225                   0
  1.7235                   0
  1.7245                   0
  1.7255                   0
  1.7265                   0
  1.7275                   0
  1.7285                   0
  1.7295                   0
  1.7305                   0
  1.7315                   0
  1.7325                   0
  1.7335                   0
  1.7345                   0
  1.7355                   0
  1.7365                   0
  1.7375                   0
  1.7385                   0
  1.7395                   0
  1.7405                   0
  1.7415                   0
  1.7425                   0
  1.7435                   0
  1.7445                   0
  1.7455                   0
  1.7465                   0
  1.7475                   0
  1.7485                   0
  1.7495                   0
  1.7505                   0
  1.7515                   0
  1.7525                   0
  1.7535                   0
  1.7545                   0
  1.7555                   0
  1.7565                   0
  1.7575                   0
  1.7585                   0
  1.7595                   0
  1.7605                   0
  1.7615                   0
  1.7625                   0
  1.7635                   0
  1.7645                   0
  1.7655                   0
  1.7665                   0
  1.7675                   0
  1.7685                   0
  1.7695                   0
  1.7705                   0
  1.7715                   0
  1.7725                   0
  1.7735                   0
  1.7745                   0
  1.7755                   0
  1.7765                   0
  1.7775                   0
  1.7785                   0
  1.7795                   0
  1.7805                   0
  1.7815                   0
  1.7825                   0
  1.7835                   0
  1.7845                   0
  1.7855                   0
  1.7865                   0
  1.7875                   0
  1.7885                   0
  1.7895                   0
  1.7905                   0
  1.7915                   0
  1.7925                   0
  1.7935                   0
  1.7945                   0
  1.7955                   0
  1.7965                   0
  1.7975                   0
  1.7985                   0
  1.7995                   0
  1.8005                   0
  1.8015                   0
  1.8025                   0
  1.8035                   0
  1.8045                   0
  1.8055                   0
  1.8065                   0
  1.8075                   0
  1.8085                   0
  1.8095                   0
  1.8105                   0
  1.8115                   0
  1.8125                   0
  1.8135                   0
  1.8145                   0
  1.8155                   0
  1.8165                   0
  1.8175                   0
  1.8185                   0
  1.8195                   0
  1.8205                   0
  1.8215                   0
  1.8225                   0
  1.8235                   0
  1.8245                   0
  1.8255                   0
  1.8265                   0
  1.8275                   0
  1.8285                   0
  1.8295                   0
  1.8305                   0
  1.8315                   0
  1.8325                   0
  1.8335                   0
  1.8345                   0
  1.8355                   0
  1.8365                   0
  1.8375                   0
  1.8385                   0
  1.8395                   0
  1.8405                   0
  1.8415                   0
  1.8425                   0
  1.8435                   0
  1.8445                   0
  1.8455                   0
  1.8465                   0
  1.8475                   0
  1.8485                   0
  1.8495                   0
  1.8505                   0
  1.8515                   0
  1.8525                   0
  1.8535                   0
  1.8545                   0
  1.8555                   0
  1.8565                   0
  1.8575                   0
  1.8585                   0
  1.8595                   0
  1.8605                   0
  1.8615                   0
  1.8625                   0
  1.8635                   0
  1.8645                   0
  1.8655                   0
  1.8665                   0
  1.8675                   0
  1.8685                   0
  1.8695                   0
  1.8705                   0
  1.8715                   0
  1.8725                   0
  1.8735                   0
  1.8745                   0
  1.8755                   0
  1.8765                   0
  1.8775                   0
  1.8785                   0
  1.8795                   0
  1.8805                   0
  1.8815                   0
  1.8825                   0
  1.8835                   0
  1.8845                   0
  1.8855                   0
  1.8865                   0
  1.8875                   0
  1.8885                   0
  1.8895                   0
  1.8905                   0
  1.8915                   0
  1.8925                   0
  1.8935                   0
  1.8945                   0
  1.8955                   0
  1.8965                   0
  1.8975                   0
  1.8985                   0
  1.8995                   0
  1.9005                   0
  1.9015                   0
  1.9025                   0
  1.9035                   0
  1.9045                   0
  1.9055                   0
  1.9065                   0
  1.9075                   0
  1.9085                   0
  1.9095                   0
  1.9105                   0
  1.9115                   0
  1.9125                   0
  1.9135                   0
  1.9145                   0
  1.9155                   0
  1.9165                   0
  1.9175                   0
  1.9185                   0
  1.9195                   0
  1.9205                   0
  1.9215                   0
  1.9225                   0
  1.9235                   0
  1.9245                   0
  1.9255                   0
  1.9265                   0
  1.9275                   0
  1.9285                   0
  1.9295                   0
  1.9305                   0
  1.9315                   0
  1.9325                   0
  1.9335                   0
  1.9345                   0
  1.9355                   0
  1.9365                   0
  1.9375                   0
  1.9385                   0
  1.9395                   0
  1.9405                   0
  1.9415                   0
  1.9425                   0
  1.9435                   0
  1.9445                   0
  1.9455                   0
  1.9465                   0
  1.9475                   0
  1.9485                   0
  1.9495                   0
  1.9505                   0
  1.9515                   0
  1.9525                   0
  1.9535                   0
  1.9545                   0
  1.9555                   0
  1.9565                   0
  1.9575                   0
  1.9585                   0
  1.9595                   0
  1.9605                   0
  1.9615                   0
  1.9625                   0
  1.9635                   0
  1.9645                   0
  1.9655                   0
  1.9665                   0
  1.9675                   0
  1.9685                   0
  1.9695                   0
  1.9705                   0
  1.9715                   0
  1.9725                   0
  1.9735                   0
  1.9745                   0
  1.9755                   0
  1.9765                   0
  1.9775                   0
  1.9785                   0
  1.9795                   0
  1.9805                   0
  1.9815                   0
  1.9825                   0
  1.9835                   0
  1.9845                   0
  1.9855                   0
  1.9865                   0
  1.9875                   0
  1.9885                   0
  1.9895                   0
  1.9905                   0
  1.9915                   0
  1.9925                   0
  1.9935                   0
  1.9945                   0
  1.9955                   0
  1.9965                   0
  1.9975                   0
  1.9985                   0
  1.9995                   0
  2.0005                   0
  2.0015                   0
  2.0025                   0
  2.0035                   0
  2.0045                   0
  2.0055                   0
  2.0065                   0
  2.0075                   0
  2.0085                   0
  2.0095                   0
  2.0105                   0
  2.0115                   0
  2.0125                   0
  2.0135                   0
  2.0145                   0
  2.0155                   0
  2.0165                   0
  2.0175                   0
  2.0185                   0
  2.0195                   0
  2.0205                   0
  2.0215                   0
  2.0225                   0
  2.0235                   0
  2.0245                   0
  2.0255                   0
  2.0265                   0
  2.0275                   0
  2.0285                   0
  2.0295                   0
  2.0305                   0
  2.0315                   0
  2.0325                   0
  2.0335                   0
  2.0345                   0
  2.0355                   0
  2.0365                   0
  2.0375                   0
  2.0385                   0
  2.0395                   0
  2.0405                   0
  2.0415                   0
  2.0425                   0
  2.0435                   0
  2.0445                   0
  2.0455                   0
  2.0465                   0
  2.0475                   0
  2.0485                   0
  2.0495                   0
  2.0505                   0
  2.0515                   0
  2.0525                   0
  2.0535                   0
  2.0545                   0
  2.0555                   0
  2.0565                   0
  2.0575                   0
  2.0585                   0
  2.0595                   0
  2.0605                   0
  2.0615                   0
  2.0625                   0
  2.0635                   0
  2.0645                   0
  2.0655                   0
  2.0665                   0
  2.0675                   0
  2.0685                   0
  2.0695                   0
  2.0705                   0
  2.0715                   0
  2.0725                   0
  2.0735                   0
  2.0745                   0
  2.0755                   0
  2.0765                   0
  2.0775                   0
  2.0785                   0
  2.0795                   0
  2.0805                   0
  2.0815                   0
  2.0825                   0
  2.0835                   0
  2.0845                   0
  2.0855                   0
  2.0865                   0
  2.0875                   0
  2.0885                   0
  2.0895                   0
  2.0905                   0
  2.0915                   0
  2.0925                   0
  2.0935                   0
  2.0945                   0
  2.0955                   0
  2.0965                   0
  2.0975                   0
  2.0985                   0
  2.0995                   0
  2.1005                   0
  2.1015                   0
  2.1025                   0
  2.1035                   0
  2.1045                   0
  2.1055                   0
  2.1065                   0
  2.1075                   0
  2.1085                   0
  2.1095                   0
  2.1105                   0
  2.1115                   0
  2.1125                   0
  2.1135                   0
  2.1145                   0
  2.1155                   0
  2.1165                   0
  2.1175                   0
  2.1185                   0
  2.1195                   0
  2.1205                   0
  2.1215                   0
  2.1225                   0
  2.1235                   0
  2.1245                   0
  2.1255                   0
  2.1265                   0
  2.1275                   0
  2.1285                   0
  2.1295                   0
  2.1305                   0
  2.1315                   0
  2.1325                   0
  2.1335                   0
  2.1345                   0
  2.1355                   0
  2.1365                   0
  2.1375                   0
  2.1385                   0
  2.1395                   0
  2.1405                   0
  2.1415                   0
  2.1425                   0
  2.1435                   0
  2.1445                   0
  2.1455                   0
  2.1465                   0
  2.1475                   0
  2.1485                   0
  2.1495                   0
  2.1505                   0
  2.1515                   0
  2.1525                   0
  2.1535                   0
  2.1545                   0
  2.1555                   0
  2.1565                   0
  2.1575                   0
  2.1585                   0
  2.1595                   0
  2.1605                   0
  2.1615                   0
  2.1625                   0
  2.1635                   0
  2.1645                   0
  2.1655                   0
  2.1665                   0
  2.1675                   0
  2.1685                   0
  2.1695                   0
  2.1705                   0
  2.1715                   0
  2.1725                   0
  2.1735                   0
  2.1745                   0
  2.1755                   0
  2.1765                   0
  2.1775                   0
  2.1785                   0
  2.1795                   0
  2.1805                   0
  2.1815                   0
  2.1825                   0
  2.1835                   0
  2.1845                   0
  2.1855                   0
  2.1865                   0
  2.1875                   0
  2.1885                   0
  2.1895                   0
  2.1905                   0
  2.1915                   0
  2.1925                   0
  2.1935                   0
  2.1945                   0
  2.1955                   0
  2.1965                   0
  2.1975                   0
  2.1985                   0
  2.1995                   0
  2.2005                   0
  2.2015                   0
  2.2025                   0
  2.2035                   0
  2.2045                   0
  2.2055                   0
  2.2065                   0
  2.2075                   0
  2.2085                   0
  2.2095                   0
  2.2105                   0
  2.2115                   0
  2.2125                   0
  2.2135                   0
  2.2145                   0
  2.2155                   0
  2.2165                   0
  2.2175                   0
  2.2185                   0
  2.2195                   0
  2.2205                   0
  2.2215                   0
  2.2225                   0
  2.2235                   0
  2.2245                   0
  2.2255                   0
  2.2265                   0
  2.2275                   0
  2.2285                   0
  2.2295                   0
  2.2305                   0
  2.2315                   0
  2.2325                   0
  2.2335                   0
  2.2345                   0
  2.2355                   0
  2.2365                   0
  2.2375                   0
  2.2385                   0
  2.2395                   0
  2.2405                   0
  2.2415                   0
  2.2425                   0
  2.2435                   0
  2.2445                   0
  2.2455                   0
  2.2465                   0
  2.2475                   0
  2.2485                   0
  2.2495                   0
  2.2505                   0
  2.2515                   0
  2.2525                   0
  2.2535                   0
  2.2545                   0
  2.2555                   0
  2.2565                   0
  2.2575                   0
  2.2585                   0
  2.2595                   0
  2.2605                   0
  2.2615                   0
  2.2625                   0
  2.2635                   0
  2.2645                   0
  2.2655                   0
  2.2665                   0
  2.2675                   0
  2.2685                   0
  2.2695                   0
  2.2705                   0
  2.2715                   0
  2.2725                   0
  2.2735                   0
  2.2745                   0
  2.2755                   0
  2.2765                   0
  2.2775                   0
  2.2785                   0
  2.2795                   0
  2.2805                   0
  2.2815                   0
  2.2825                   0
  2.2835                   0
  2.2845                   0
  2.2855                   0
  2.2865                   0
  2.2875                   0
  2.2885                   0
  2.2895                   0
  2.2905                   0
  2.2915                   0
  2.2925                   0
  2.2935                   0
  2.2945                   0
  2.2955                   0
  2.2965                   0
  2.2975                   0
  2.2985                   0
  2.2995                   0
  2.3005                   0
  2.3015                   0
  2.3025                   0
  2.3035                   0
  2.3045                   0
  2.3055                   0
  2.3065                   0
  2.3075                   0
  2.3085                   0
  2.3095                   0
  2.3105                   0
  2.3115                   0
  2.3125                   0
  2.3135                   0
  2.3145                   0
  2.3155                   0
  2.3165                   0
  2.3175                   0
  2.3185                   0
  2.3195                   0
  2.3205                   0
  2.3215                   0
  2.3225                   0
  2.3235                   0
  2.3245                   0
  2.3255                   0
  2.3265                   0
  2.3275                   0
  2.3285                   0
  2.3295                   0
  2.3305                   0
  2.3315                   0
  2.3325                   0
  2.3335                   0
  2.3345                   0
  2.3355                   0
  2.3365                   0
  2.3375                   0
  2.3385                   0
  2.3395                   0
  2.3405                   0
  2.3415                   0
  2.3425                   0
  2.3435                   0
  2.3445                   0
  2.3455                   0
  2.3465                   0
  2.3475                   0
  2.3485                   0
  2.3495                   0
  2.3505                   0
  2.3515                   0
  2.3525                   0
  2.3535                   0
  2.3545                   0
  2.3555                   0
  2.3565                   0
  2.3575                   0
  2.3585                   0
  2.3595                   0
  2.3605                   0
  2.3615                   0
  2.3625                   0
  2.3635                   0
  2.3645                   0
  2.3655                   0
  2.3665                   0
  2.3675                   0
  2.3685                   0
  2.3695                   0
  2.3705                   0
  2.3715                   0
  2.3725                   0
  2.3735                   0
  2.3745                   0
  2.3755                   0
  2.3765                   0
  2.3775                   0
  2.3785                   0
  2.3795                   0
  2.3805                   0
  2.3815                   0
  2.3825                   0
  2.3835                   0
  2.3845                   0
  2.3855                   0
  2.3865                   0
  2.3875                   0
  2.3885                   0
  2.3895                   0
  2.3905                   0
  2.3915                   0
  2.3925                   0
  2.3935                   0
  2.3945                   0
  2.3955                   0
  2.3965                   0
  2.3975                   0
  2.3985                   0
  2.3995                   0
  2.4005                   0
  2.4015                   0
  2.4025                   0
  2.4035                   0
  2.4045                   0
  2.4055                   0
  2.4065                   0
  2.4075                   0
  2.4085                   0
  2.4095                   0
  2.4105                   0
  2.4115                   0
  2.4125                   0
  2.4135                   0
  2.4145                   0
  2.4155                   0
  2.4165                   0
  2.4175                   0
  2.4185                   0
  2.4195                   0
  2.4205                   0
  2.4215                   0
  2.4225                   0
  2.4235                   0
  2.4245                   0
  2.4255                   0
  2.4265                   0
  2.4275                   0
  2.4285                   0
  2.4295                   0
  2.4305                   0
  2.4315                   0
  2.4325                   0
  2.4335                   0
  2.4345                   0
  2.4355                   0
  2.4365                   0
  2.4375                   0
  2.4385                   0
  2.4395                   0
  2.4405                   0
  2.4415                   0
  2.4425                   0
  2.4435                   0
  2.4445                   0
  2.4455                   0
  2.4465                   0
  2.4475                   0
  2.4485                   0
  2.4495                   0
  2.4505                   0
  2.4515                   0
  2.4525                   0
  2.4535                   0
  2.4545                   0
  2.4555                   0
  2.4565                   0
  2.4575                   0
  2.4585                   0
  2.4595                   0
  2.4605                   0
  2.4615                   0
  2.4625                   0
  2.4635                   0
  2.4645                   0
  2.4655                   0
  2.4665                   0
  2.4675                   0
  2.4685                   0
  2.4695                   0
  2.4705                   0
  2.4715                   0
  2.4725                   0
  2.4735                   0
  2.4745                   0
  2.4755                   0
  2.4765                   0
  2.4775                   0
  2.4785                   0
  2.4795                   0
  2.4805                   0
  2.4815                   0
  2.4825                   0
  2.4835                   0
  2.4845                   0
  2.4855                   0
  2.4865                   0
  2.4875                   0
  2.4885                   0
  2.4895                   0
  2.4905                   0
  2.4915                   0
  2.4925                   0
  2.4935                   0
  2.4945                   0
  2.4955                   0
  2.4965                   0
  2.4975                   0
  2.4985                   0
  2.4995                   0
  2.5005                   0
  2.5015                   0
  2.5025                   0
  2.5035                   0
  2.5045                   0
  2.5055                   0
  2.5065                   0
  2.5075                   0
  2.5085                   0
  2.5095                   0
  2.5105                   0
  2.5115                   0
  2.5125                   0
  2.5135                   0
  2.5145                   0
  2.5155                   0
  2.5165                   0
  2.5175                   0
  2.5185                   0
  2.5195                   0
  2.5205                   0
  2.5215                   0
  2.5225                   0
  2.5235                   0
  2.5245                   0
  2.5255                   0
  2.5265                   0
  2.5275                   0
  2.5285                   0
  2.5295                   0
  2.5305                   0
  2.5315                   0
  2.5325                   0
  2.5335                   0
  2.5345                   0
  2.5355                   0
  2.5365                   0
  2.5375                   0
  2.5385                   0
  2.5395                   0
  2.5405                   0
  2.5415                   0
  2.5425                   0
  2.5435                   0
  2.5445                   0
  2.5455                   0
  2.5465                   0
  2.5475                   0
  2.5485                   0
  2.5495                   0
  2.5505                   0
  2.5515                   0
  2.5525                   0
  2.5535                   0
  2.5545                   0
  2.5555                   0
  2.5565                   0
  2.5575                   0
  2.5585                   0
  2.5595                   0
  2.5605                   0
  2.5615                   0
  2.5625                   0
  2.5635                   0
  2.5645                   0
  2.5655                   0
  2.5665                   0
  2.5675                   0
  2.5685                   0
  2.5695                   0
  2.5705                   0
  2.5715                   0
  2.5725                   0
  2.5735                   0
  2.5745                   0
  2.5755                   0
  2.5765                   0
  2.5775                   0
  2.5785                   0
  2.5795                   0
  2.5805                   0
  2.5815                   0
  2.5825                   0
  2.5835                   0
  2.5845                   0
  2.5855                   0
  2.5865                   0
  2.5875                   0
  2.5885                   0
  2.5895                   0
  2.5905                   0
  2.5915                   0
  2.5925                   0
  2.5935                   0
  2.5945                   0
  2.5955                   0
  2.5965                   0
  2.5975                   0
  2.5985                   0
  2.5995                   0
  2.6005                   0
  2.6015                   0
  2.6025                   0
  2.6035                   0
  2.6045                   0
  2.6055                   0
  2.6065                   0
  2.6075                   0
  2.6085                   0
  2.6095                   0
  2.6105                   0
  2.6115                   0
  2.6125                   0
  2.6135                   0
  2.6145                   0
  2.6155                   0
  2.6165                   0
  2.6175                   0
  2.6185                   0
  2.6195                   0
  2.6205                   0
  2.6215                   0
  2.6225                   0
  2.6235                   0
  2.6245                   0
  2.6255                   0
  2.6265                   0
  2.6275                   0
  2.6285                   0
  2.6295                   0
  2.6305                   0
  2.6315                   0
  2.6325                   0
  2.6335                   0
  2.6345                   0
  2.6355                   0
  2.6365                   0
  2.6375                   0
  2.6385                   0
  2.6395                   0
  2.6405                   0
  2.6415                   0
  2.6425                   0
  2.6435                   0
  2.6445                   0
  2.6455                   0
  2.6465                   0
  2.6475                   0
  2.6485                   0
  2.6495                   0
  2.6505                   0
  2.6515                   0
  2.6525                   0
  2.6535                   0
  2.6545                   0
  2.6555                   0
  2.6565                   0
  2.6575                   0
  2.6585                   0
  2.6595                   0
  2.6605                   0
  2.6615                   0
  2.6625                   0
  2.6635                   0
  2.6645                   0
  2.6655                   0
  2.6665                   0
  2.6675                   0
  2.6685                   0
  2.6695                   0
  2.6705                   0
  2.6715                   0
  2.6725                   0
  2.6735                   0
  2.6745                   0
  2.6755                   0
  2.6765                   0
  2.6775                   0
  2.6785                   0
  2.6795                   0
  2.6805                   0
  2.6815                   0
  2.6825                   0
  2.6835                   0
  2.6845                   0
  2.6855                   0
  2.6865                   0
  2.6875                   0
  2.6885                   0
  2.6895                   0
  2.6905                   0
  2.6915                   0
  2.6925                   0
  2.6935                   0
  2.6945                   0
  2.6955                   0
  2.6965                   0
  2.6975                   0
  2.6985                   0
  2.6995                   0
  2.7005                   0
  2.7015                   0
  2.7025                   0
  2.7035                   0
  2.7045                   0
  2.7055                   0
  2.7065                   0
  2.7075                   0
  2.7085                   0
  2.7095                   0
  2.7105                   0
  2.7115                   0
  2.7125                   0
  2.7135                   0
  2.7145                   0
  2.7155                   0
  2.7165                   0
  2.7175                   0
  2.7185                   0
  2.7195                   0
  2.7205                   0
  2.7215                   0
  2.7225                   0
  2.7235                   0
  2.7245                   0
  2.7255                   0
  2.7265                   0
  2.7275                   0
  2.7285                   0
  2.7295                   0
  2.7305                   0
  2.7315                   0
  2.7325                   0
  2.7335                   0
  2.7345                   0
  2.7355                   0
  2.7365                   0
  2.7375                   0
  2.7385                   0
  2.7395                   0
  2.7405                   0
  2.7415                   0
  2.7425                   0
  2.7435                   0
  2.7445                   0
  2.7455                   0
  2.7465                   0
  2.7475                   0
  2.7485                   0
  2.7495                   0
  2.7505                   0
  2.7515                   0
  2.7525                   0
  2.7535                   0
  2.7545                   0
  2.7555                   0
  2.7565                   0
  2.7575                   0
  2.7585                   0
  2.7595                   0
  2.7605                   0
  2.7615                   0
  2.7625                   0
  2.7635                   0
  2.7645                   0
  2.7655                   0
  2.7665                   0
  2.7675                   0
  2.7685                   0
  2.7695                   0
  2.7705                   0
  2.7715                   0
  2.7725                   0
  2.7735                   0
  2.7745                   0
  2.7755                   0
  2.7765                   0
  2.7775                   0
  2.7785                   0
  2.7795                   0
  2.7805                   0
  2.7815                   0
  2.7825                   0
  2.7835                   0
  2.7845                   0
  2.7855                   0
  2.7865                   0
  2.7875                   0
  2.7885                   0
  2.7895                   0
  2.7905                   0
  2.7915                   0
  2.7925                   0
  2.7935                   0
  2.7945                   0
  2.7955                   0
  2.7965                   0
  2.7975                   0
  2.7985                   0
  2.7995                   0
  2.8005                   0
  2.8015                   0
  2.8025                   0
  2.8035                   0
  2.8045                   0
  2.8055                   0
  2.8065                   0
  2.8075                   0
  2.8085                   0
  2.8095                   0
  2.8105                   0
  2.8115                   0
  2.8125                   0
  2.8135                   0
  2.8145                   0
  2.8155                   0
  2.8165                   0
  2.8175                   0
  2.8185                   0
  2.8195                   0
  2.8205                   0
  2.8215                   0
  2.8225                   0
  2.8235                   0
  2.8245                   0
  2.8255                   0
  2.8265                   0
  2.8275                   0
  2.8285                   0
  2.8295                   0
  2.8305                   0
  2.8315                   0
  2.8325                   0
  2.8335                   0
  2.8345                   0
  2.8355                   0
  2.8365                   0
  2.8375                   0
  2.8385                   0
  2.8395                   0
  2.8405                   0
  2.8415                   0
  2.8425                   0
  2.8435                   0
  2.8445                   0
  2.8455                   0
  2.8465                   0
  2.8475                   0
  2.8485                   0
  2.8495                   0
  2.8505                   0
  2.8515                   0
  2.8525                   0
  2.8535                   0
  2.8545                   0
  2.8555                   0
  2.8565                   0
  2.8575                   0
  2.8585                   0
  2.8595                   0
  2.8605                   0
  2.8615                   0
  2.8625                   0
  2.8635                   0
  2.8645                   0
  2.8655                   0
  2.8665                   0
  2.8675                   0
  2.8685                   0
  2.8695                   0
  2.8705                   0
  2.8715                   0
  2.8725                   0
  2.8735                   0
  2.8745                   0
  2.8755                   0
  2.8765                   0
  2.8775                   0
  2.8785                   0
  2.8795                   0
  2.8805                   0
  2.8815                   0
  2.8825                   0
  2.8835                   0
  2.8845                   0
  2.8855                   0
  2.8865                   0
  2.8875                   0
  2.8885                   0
  2.8895                   0
  2.8905                   0
  2.8915                   0
  2.8925                   0
  2.8935                   0
  2.8945                   0
  2.8955                   0
  2.8965                   0
  2.8975                   0
  2.8985                   0
  2.8995                   0
  2.9005                   0
  2.9015                   0
  2.9025                   0
  2.9035                   0
  2.9045                   0
  2.9055                   0
  2.9065                   0
  2.9075                   0
  2.9085                   0
  2.9095                   0
  2.9105                   0
  2.9115                   0
  2.9125                   0
  2.9135                   0
  2.9145                   0
  2.9155                   0
  2.9165                   0
  2.9175                   0
  2.9185                   0
  2.9195                   0
  2.9205                   0
  2.9215                   0
  2.9225                   0
  2.9235                   0
  2.9245                   0
  2.9255                   0
  2.9265                   0
  2.9275                   0
  2.9285                   0
  2.9295                   0
  2.9305                   0
  2.9315                   0
  2.9325                   0
  2.9335                   0
  2.9345                   0
  2.9355                   0
  2.9365                   0
  2.9375                   0
  2.9385                   0
  2.9395                   0
  2.9405                   0
  2.9415                   0
  2.9425                   0
  2.9435                   0
  2.9445                   0
  2.9455                   0
  2.9465                   0
  2.9475                   0
  2.9485                   0
  2.9495                   0
  2.9505                   0
  2.9515                   0
  2.9525                   0
  2.9535                   0
  2.9545                   0
  2.9555                   0
  2.9565                   0
  2.9575                   0
  2.9585                   0
  2.9595                   0
  2.9605                   0
  2.9615                   0
  2.9625                   0
  2.9635                   0
  2.9645                   0
  2.9655                   0
  2.9665                   0
  2.9675                   0
  2.9685                   0
  2.9695                   0
  2.9705                   0
  2.9715                   0
  2.9725                   0
  2.9735                   0
  2.9745                   0
  2.9755                   0
  2.9765                   0
  2.9775                   0
  2.9785                   0
  2.9795                   0
  2.9805                   0
  2.9815                   0
  2.9825                   0
  2.9835                   0
  2.9845                   0
  2.9855                   0
  2.9865                   0
  2.9875                   0
  2.9885                   0
  2.9895                   0
  2.9905                   0
  2.9915                   0
  2.9925                   0
  2.9935                   0
  2.9945                   0
  2.9955                   0
  2.9965                   0
  2.9975                   0
  2.9985                   0
  2.9995                   0
  3.0005                   0
  3.0015                   0
  3.0025                   0
  3.0035                   0
  3.0045                   0
  3.0055                   0
  3.0065                   0
  3.0075                   0
  3.0085                   0
  3.0095                   0
  3.0105                   0
  3.0115                   0
  3.0125                   0
  3.0135                   0
  3.0145                   0
  3.0155                   0
  3.0165                   0
  3.0175                   0
  3.0185                   0
  3.0195                   0
  3.0205                   0
  3.0215                   0
  3.0225                   0
  3.0235                   0
  3.0245                   0
  3.0255                   0
  3.0265                   0
  3.0275                   0
  3.0285                   0
  3.0295                   0
  3.0305                   0
  3.0315                   0
  3.0325                   0
  3.0335                   0
  3.0345                   0
  3.0355                   0
  3.0365                   0
  3.0375                   0
  3.0385                   0
  3.0395                   0
  3.0405                   0
  3.0415                   0
  3.0425                   0
  3.0435                   0
  3.0445                   0
  3.0455                   0
  3.0465                   0
  3.0475                   0
  3.0485                   0
  3.0495                   0
  3.0505                   0
  3.0515                   0
  3.0525                   0
  3.0535                   0
  3.0545                   0
  3.0555                   0
  3.0565                   0
  3.0575                   0
  3.0585                   0
  3.0595                   0
  3.0605                   0
  3.0615                   0
  3.0625                   0
  3.0635                   0
  3.0645                   0
  3.0655                   0
  3.0665                   0
  3.0675                   0
  3.0685                   0
  3.0695                   0
  3.0705                   0
  3.0715                   0
  3.0725                   0
  3.0735                   0
  3.0745                   0
  3.0755                   0
  3.0765                   0
  3.0775                   0
  3.0785                   0
  3.0795                   0
  3.0805                   0
  3.0815                   0
  3.0825                   0
  3.0835                   0
  3.0845                   0
  3.0855                   0
  3.0865                   0
  3.0875                   0
  3.0885                   0
  3.0895                   0
  3.0905                   0
  3.0915                   0
  3.0925                   0
  3.0935                   0
  3.0945                   0
  3.0955                   0
  3.0965                   0
  3.0975                   0
  3.0985                   0
  3.0995                   0
  3.1005                   0
  3.1015                   0
  3.1025                   0
  3.1035                   0
  3.1045                   0
  3.1055                   0
  3.1065                   0
  3.1075                   0
  3.1085                   0
  3.1095                   0
  3.1105                   0
  3.1115                   0
  3.1125                   0
  3.1135                   0
  3.1145                   0
  3.1155                   0
  3.1165                   0
  3.1175                   0
  3.1185                   0
  3.1195                   0
  3.1205                   0
  3.1215                   0
  3.1225                   0
  3.1235                   0
  3.1245                   0
  3.1255                   0
  3.1265                   0
  3.1275                   0
  3.1285                   0
  3.1295                   0
  3.1305                   0
  3.1315                   0
  3.1325                   0
  3.1335                   0
  3.1345                   0
  3.1355                   0
  3.1365                   0
  3.1375                   0
  3.1385                   0
  3.1395                   0
  3.1405                   0
  3.1415                   0
  3.1425                   0
  3.1435                   0
  3.1445                   0
  3.1455                   0
  3.1465                   0
  3.1475                   0
  3.1485                   0
  3.1495                   0
  3.1505                   0
  3.1515                   0
  3.1525                   0
  3.1535                   0
  3.1545                   0
  3.1555                   0
  3.1565                   0
  3.1575                   0
  3.1585                   0
  3.1595                   0
  3.1605                   0
  3.1615                   0
  3.1625                   0
  3.1635                   0
  3.1645                   0
  3.1655                   0
  3.1665                   0
  3.1675                   0
  3.1685                   0
  3.1695                   0
  3.1705                   0
  3.1715                   0
  3.1725                   0
  3.1735                   0
  3.1745                   0
  3.1755                   0
  3.1765                   0
  3.1775                   0
  3.1785                   0
  3.1795                   0
  3.1805                   0
  3.1815                   0
  3.1825                   0
  3.1835                   0
  3.1845                   0
  3.1855                   0
  3.1865                   0
  3.1875                   0
  3.1885                   0
  3.1895                   0
  3.1905                   0
  3.1915                   0
  3.1925                   0
  3.1935                   0
  3.1945                   0
  3.1955                   0
  3.1965                   0
  3.1975                   0
  3.1985                   0
  3.1995                   0
  3.2005                   0
