  0.0025     0.00000000E+000
  0.0075     9.91475311E-003
  0.0125     1.98168558E-002
  0.0175     2.97328860E-002
  0.0225     3.96904928E-002
  0.0275     4.96516078E-002
  0.0325     5.96354672E-002
  0.0375     6.96306544E-002
  0.0425     7.96027723E-002
  0.0475     8.95892633E-002
  0.0525     9.95882190E-002
  0.0575     1.09655735E-001
  0.0625     1.19715714E-001
  0.0675     1.29779421E-001
  0.0725     1.39793553E-001
  0.0775     1.49842364E-001
  0.0825     1.59881889E-001
  0.0875     1.69919494E-001
  0.0925     1.79894189E-001
  0.0975     1.89881409E-001
  0.1025     1.99860107E-001
  0.1075     2.09880900E-001
  0.1125     2.19877650E-001
  0.1175     2.29901567E-001
  0.1225     2.39916751E-001
  0.1275     2.49908940E-001
  0.1325     2.59866256E-001
  0.1375     2.69826439E-001
  0.1425     2.79782986E-001
  0.1475     2.89753202E-001
  0.1525     2.99744586E-001
  0.1575     3.09729421E-001
  0.1625     3.19709615E-001
  0.1675     3.29756552E-001
  0.1725     3.39773670E-001
  0.1775     3.49803843E-001
  0.1825     3.59797053E-001
  0.1875     3.69787755E-001
  0.1925     3.79735734E-001
  0.1975     3.89721898E-001
  0.2025     3.99710961E-001
  0.2075     4.09671071E-001
  0.2125     4.19690055E-001
  0.2175     4.29689827E-001
  0.2225     4.39703865E-001
  0.2275     4.49691332E-001
  0.2325     4.59666156E-001
  0.2375     4.69642172E-001
  0.2425     4.79599719E-001
  0.2475     4.89571286E-001
  0.2525     4.99553521E-001
  0.2575     5.09554767E-001
  0.2625     5.19599313E-001
  0.2675     5.29613196E-001
  0.2725     5.39638558E-001
  0.2775     5.49655428E-001
  0.2825     5.59679226E-001
  0.2875     5.69686203E-001
  0.2925     5.79663801E-001
  0.2975     5.89659839E-001
  0.3025     5.99655211E-001
  0.3075     6.09668451E-001
  0.3125     6.19677691E-001
  0.3175     6.29734023E-001
  0.3225     6.39748071E-001
  0.3275     6.49786367E-001
  0.3325     6.59788782E-001
  0.3375     6.69779601E-001
  0.3425     6.79755239E-001
  0.3475     6.89734599E-001
  0.3525     6.99728156E-001
  0.3575     7.09718349E-001
  0.3625     7.19752316E-001
  0.3675     7.29789872E-001
  0.3725     7.39821291E-001
  0.3775     7.49851583E-001
  0.3825     7.59863023E-001
  0.3875     7.69884329E-001
  0.3925     7.79911830E-001
  0.3975     7.89934149E-001
  0.4025     7.99961123E-001
  0.4075     8.09972004E-001
  0.4125     8.19984880E-001
  0.4175     8.30002284E-001
  0.4225     8.40019912E-001
  0.4275     8.50038717E-001
  0.4325     8.60030256E-001
  0.4375     8.70014139E-001
  0.4425     8.80004258E-001
  0.4475     8.89983367E-001
  0.4525     8.99990758E-001
  0.4575     9.09991879E-001
  0.4625     9.20007278E-001
  0.4675     9.30049851E-001
  0.4725     9.40064107E-001
  0.4775     9.50095109E-001
  0.4825     9.60104977E-001
  0.4875     9.70104921E-001
  0.4925     9.80093030E-001
  0.4975     9.90091697E-001
  0.5025     1.00007754E+000
  0.5075     1.01007508E+000
  0.5125     1.02008104E+000
  0.5175     1.03008700E+000
  0.5225     1.04009584E+000
  0.5275     1.05008892E+000
  0.5325     1.06008809E+000
  0.5375     1.07004422E+000
  0.5425     1.08002696E+000
  0.5475     1.09001546E+000
  0.5525     1.09998364E+000
  0.5575     1.10997391E+000
  0.5625     1.11998246E+000
  0.5675     1.12999936E+000
  0.5725     1.14000670E+000
  0.5775     1.15000920E+000
  0.5825     1.16001128E+000
  0.5875     1.17000947E+000
  0.5925     1.17999858E+000
  0.5975     1.18997727E+000
  0.6025     1.19995747E+000
  0.6075     1.20996549E+000
  0.6125     1.22000580E+000
  0.6175     1.23006118E+000
  0.6225     1.24010348E+000
  0.6275     1.25010179E+000
  0.6325     1.26012988E+000
  0.6375     1.27013336E+000
  0.6425     1.28013440E+000
  0.6475     1.29011536E+000
  0.6525     1.30011172E+000
  0.6575     1.31012664E+000
  0.6625     1.32013846E+000
  0.6675     1.33015551E+000
  0.6725     1.34016447E+000
  0.6775     1.35018507E+000
  0.6825     1.36020126E+000
  0.6875     1.37019362E+000
  0.6925     1.38016388E+000
  0.6975     1.39013221E+000
  0.7025     1.40010908E+000
  0.7075     1.41012825E+000
  0.7125     1.42011466E+000
  0.7175     1.43011091E+000
  0.7225     1.44013463E+000
  0.7275     1.45013631E+000
  0.7325     1.46011839E+000
  0.7375     1.47011842E+000
  0.7425     1.48010823E+000
  0.7475     1.49009370E+000
  0.7525     1.50007659E+000
  0.7575     1.51007896E+000
  0.7625     1.52007980E+000
  0.7675     1.53009857E+000
  0.7725     1.54013280E+000
  0.7775     1.55013847E+000
  0.7825     1.56013343E+000
  0.7875     1.57012239E+000
  0.7925     1.58011672E+000
  0.7975     1.59009230E+000
  0.8025     1.60009219E+000
  0.8075     1.61011438E+000
  0.8125     1.62012619E+000
  0.8175     1.63012977E+000
  0.8225     1.64017949E+000
  0.8275     1.65021032E+000
  0.8325     1.66019152E+000
  0.8375     1.67020200E+000
  0.8425     1.68019351E+000
  0.8475     1.69020008E+000
  0.8525     1.70018577E+000
  0.8575     1.71017890E+000
  0.8625     1.72020560E+000
  0.8675     1.73020730E+000
  0.8725     1.74022285E+000
  0.8775     1.75023774E+000
  0.8825     1.76024168E+000
  0.8875     1.77022063E+000
  0.8925     1.78020307E+000
  0.8975     1.79018020E+000
  0.9025     1.80014737E+000
  0.9075     1.81017410E+000
  0.9125     1.82020161E+000
  0.9175     1.83021563E+000
  0.9225     1.84023633E+000
  0.9275     1.85025429E+000
  0.9325     1.86029369E+000
  0.9375     1.87028337E+000
  0.9425     1.88026695E+000
  0.9475     1.89027242E+000
  0.9525     1.90023979E+000
  0.9575     1.91024412E+000
  0.9625     1.92025283E+000
  0.9675     1.93028798E+000
  0.9725     1.94028499E+000
  0.9775     1.95029451E+000
  0.9825     1.96030788E+000
  0.9875     1.97028610E+000
  0.9925     1.98026986E+000
  0.9975     1.99025353E+000
  1.0025     2.00024306E+000
  1.0075     2.01025477E+000
  1.0125     2.02028768E+000
  1.0175     2.03030040E+000
  1.0225     2.04033770E+000
  1.0275     2.05038462E+000
  1.0325     2.06037582E+000
  1.0375     2.07038246E+000
  1.0425     2.08035087E+000
  1.0475     2.09035181E+000
  1.0525     2.10033594E+000
  1.0575     2.11029896E+000
  1.0625     2.12030858E+000
  1.0675     2.13029041E+000
  1.0725     2.14025382E+000
  1.0775     2.15023838E+000
  1.0825     2.16020907E+000
  1.0875     2.17017792E+000
  1.0925     2.18011820E+000
  1.0975     2.19010226E+000
  1.1025     2.20006663E+000
  1.1075     2.21005351E+000
  1.1125     2.22007706E+000
  1.1175     2.23011545E+000
  1.1225     2.24014427E+000
  1.1275     2.25014685E+000
  1.1325     2.26015835E+000
  1.1375     2.27015918E+000
  1.1425     2.28016423E+000
  1.1475     2.29013577E+000
  1.1525     2.30011623E+000
  1.1575     2.31013091E+000
  1.1625     2.32017764E+000
  1.1675     2.33019445E+000
  1.1725     2.34021018E+000
  1.1775     2.35024581E+000
  1.1825     2.36026534E+000
  1.1875     2.37028917E+000
  1.1925     2.38029560E+000
  1.1975     2.39029355E+000
  1.2025     2.40027427E+000
  1.2075     2.41031059E+000
  1.2125     2.42035079E+000
  1.2175     2.43036321E+000
  1.2225     2.44045211E+000
  1.2275     2.45048450E+000
  1.2325     2.46057247E+000
  1.2375     2.47059395E+000
  1.2425     2.48062438E+000
  1.2475     2.49069627E+000
  1.2525     2.50073913E+000
  1.2575     2.51079698E+000
  1.2625     2.52090653E+000
  1.2675     2.53096838E+000
  1.2725     2.54107272E+000
  1.2775     2.55117597E+000
  1.2825     2.56126802E+000
  1.2875     2.57134525E+000
  1.2925     2.58144721E+000
  1.2975     2.59156578E+000
  1.3025     2.60169387E+000
  1.3075     2.61186575E+000
  1.3125     2.62205179E+000
  1.3175     2.63226079E+000
  1.3225     2.64249085E+000
  1.3275     2.65274431E+000
  1.3325     2.66297718E+000
  1.3375     2.67325082E+000
  1.3425     2.68350938E+000
  1.3475     2.69382087E+000
  1.3525     2.70411532E+000
  1.3575     2.71446442E+000
  1.3625     2.72482695E+000
  1.3675     2.73520906E+000
  1.3725     2.74565060E+000
  1.3775     2.75608146E+000
  1.3825     2.76652526E+000
  1.3875     2.77703709E+000
  1.3925     2.78750126E+000
  1.3975     2.79806647E+000
  1.4025     2.80862936E+000
  1.4075     2.81923792E+000
  1.4125     2.82992714E+000
  1.4175     2.84060964E+000
  1.4225     2.85134118E+000
  1.4275     2.86212654E+000
  1.4325     2.87289928E+000
  1.4375     2.88371355E+000
  1.4425     2.89459587E+000
  1.4475     2.90550339E+000
  1.4525     2.91647328E+000
  1.4575     2.92749035E+000
  1.4625     2.93857039E+000
  1.4675     2.94970077E+000
  1.4725     2.96087282E+000
  1.4775     2.97211359E+000
  1.4825     2.98336781E+000
  1.4875     2.99464324E+000
  1.4925     3.00599411E+000
  1.4975     3.01737588E+000
  1.5025     3.02884333E+000
  1.5075     3.04034026E+000
  1.5125     3.05190827E+000
  1.5175     3.06355693E+000
  1.5225     3.07523367E+000
  1.5275     3.08692153E+000
  1.5325     3.09868742E+000
  1.5375     3.11049060E+000
  1.5425     3.12234804E+000
  1.5475     3.13426697E+000
  1.5525     3.14622011E+000
  1.5575     3.15827462E+000
  1.5625     3.17038533E+000
  1.5675     3.18254137E+000
  1.5725     3.19479258E+000
  1.5775     3.20703936E+000
  1.5825     3.21934123E+000
  1.5875     3.23173904E+000
  1.5925     3.24413724E+000
  1.5975     3.25664982E+000
  1.6025     3.26923733E+000
  1.6075     3.28185086E+000
  1.6125     3.29457580E+000
  1.6175     3.30736546E+000
  1.6225     3.32018118E+000
  1.6275     3.33304304E+000
  1.6325     3.34593262E+000
  1.6375     3.35893644E+000
  1.6425     3.37198020E+000
  1.6475     3.38509341E+000
  1.6525     3.39834110E+000
  1.6575     3.41156678E+000
  1.6625     3.42486320E+000
  1.6675     3.43827517E+000
  1.6725     3.45171390E+000
  1.6775     3.46520624E+000
  1.6825     3.47874971E+000
  1.6875     3.49234112E+000
  1.6925     3.50603205E+000
  1.6975     3.51978797E+000
  1.7025     3.53356849E+000
  1.7075     3.54750332E+000
  1.7125     3.56146291E+000
  1.7175     3.57549183E+000
  1.7225     3.58955825E+000
  1.7275     3.60369057E+000
  1.7325     3.61784122E+000
  1.7375     3.63212537E+000
  1.7425     3.64646449E+000
  1.7475     3.66086194E+000
  1.7525     3.67533828E+000
  1.7575     3.68989835E+000
  1.7625     3.70455033E+000
  1.7675     3.71919659E+000
  1.7725     3.73392094E+000
  1.7775     3.74872533E+000
  1.7825     3.76358594E+000
  1.7875     3.77850693E+000
  1.7925     3.79348963E+000
  1.7975     3.80854842E+000
  1.8025     3.82362312E+000
  1.8075     3.83885446E+000
  1.8125     3.85413261E+000
  1.8175     3.86944886E+000
  1.8225     3.88482496E+000
  1.8275     3.90031262E+000
  1.8325     3.91579173E+000
  1.8375     3.93134254E+000
  1.8425     3.94697387E+000
  1.8475     3.96271588E+000
  1.8525     3.97851711E+000
  1.8575     3.99436199E+000
  1.8625     4.01030649E+000
  1.8675     4.02630512E+000
  1.8725     4.04234889E+000
  1.8775     4.05839895E+000
  1.8825     4.07456520E+000
  1.8875     4.09080593E+000
  1.8925     4.10704221E+000
  1.8975     4.12343612E+000
  1.9025     4.13985519E+000
  1.9075     4.15633982E+000
  1.9125     4.17289413E+000
  1.9175     4.18953866E+000
  1.9225     4.20622250E+000
  1.9275     4.22295675E+000
  1.9325     4.23974293E+000
  1.9375     4.25664810E+000
  1.9425     4.27356626E+000
  1.9475     4.29060876E+000
  1.9525     4.30766765E+000
  1.9575     4.32483035E+000
  1.9625     4.34209637E+000
  1.9675     4.35934240E+000
  1.9725     4.37667269E+000
  1.9775     4.39403106E+000
  1.9825     4.41150369E+000
  1.9875     4.42899130E+000
  1.9925     4.44661228E+000
  1.9975     4.46433954E+000
  2.0025     4.48204407E+000
  2.0075     4.49975829E+000
  2.0125     4.51767166E+000
  2.0175     4.53553689E+000
  2.0225     4.55354468E+000
  2.0275     4.57156974E+000
  2.0325     4.58960546E+000
  2.0375     4.60781721E+000
  2.0425     4.62602452E+000
  2.0475     4.64428310E+000
  2.0525     4.66266910E+000
  2.0575     4.68111258E+000
  2.0625     4.69958675E+000
  2.0675     4.71812369E+000
  2.0725     4.73675797E+000
  2.0775     4.75539423E+000
  2.0825     4.77407918E+000
  2.0875     4.79284348E+000
  2.0925     4.81172282E+000
  2.0975     4.83063897E+000
  2.1025     4.84968021E+000
  2.1075     4.86874164E+000
  2.1125     4.88786727E+000
  2.1175     4.90700420E+000
  2.1225     4.92628684E+000
  2.1275     4.94555769E+000
  2.1325     4.96486746E+000
  2.1375     4.98424671E+000
  2.1425     5.00377334E+000
  2.1475     5.02332043E+000
  2.1525     5.04299015E+000
  2.1575     5.06253159E+000
  2.1625     5.08234853E+000
  2.1675     5.10213858E+000
  2.1725     5.12187946E+000
  2.1775     5.14178283E+000
  2.1825     5.16177729E+000
  2.1875     5.18176477E+000
  2.1925     5.20187532E+000
  2.1975     5.22210796E+000
  2.2025     5.24240534E+000
  2.2075     5.26266421E+000
  2.2125     5.28300030E+000
  2.2175     5.30346711E+000
  2.2225     5.32385199E+000
  2.2275     5.34440015E+000
  2.2325     5.36499530E+000
  2.2375     5.38565745E+000
  2.2425     5.40632867E+000
  2.2475     5.42710602E+000
  2.2525     5.44794403E+000
  2.2575     5.46885660E+000
  2.2625     5.48976853E+000
  2.2675     5.51076126E+000
  2.2725     5.53190909E+000
  2.2775     5.55298207E+000
  2.2825     5.57415071E+000
  2.2875     5.59538690E+000
  2.2925     5.61671888E+000
  2.2975     5.63816025E+000
  2.3025     5.65955424E+000
  2.3075     5.68110710E+000
  2.3125     5.70266986E+000
  2.3175     5.72429774E+000
  2.3225     5.74595121E+000
  2.3275     5.76770438E+000
  2.3325     5.78951410E+000
  2.3375     5.81137012E+000
  2.3425     5.83331472E+000
  2.3475     5.85532365E+000
  2.3525     5.87734307E+000
  2.3575     5.89949621E+000
  2.3625     5.92166086E+000
  2.3675     5.94382198E+000
  2.3725     5.96604263E+000
  2.3775     5.98839334E+000
  2.3825     6.01071909E+000
  2.3875     6.03315090E+000
  2.3925     6.05584308E+000
  2.3975     6.07840616E+000
  2.4025     6.10110653E+000
  2.4075     6.12380554E+000
  2.4125     6.14657994E+000
  2.4175     6.16941051E+000
  2.4225     6.19228882E+000
  2.4275     6.21529622E+000
  2.4325     6.23818229E+000
  2.4375     6.26130134E+000
  2.4425     6.28440601E+000
  2.4475     6.30768587E+000
  2.4525     6.33087113E+000
  2.4575     6.35414080E+000
  2.4625     6.37748427E+000
  2.4675     6.40084322E+000
  2.4725     6.42437755E+000
  2.4775     6.44780926E+000
  2.4825     6.47146368E+000
  2.4875     6.49512042E+000
  2.4925     6.51880461E+000
  2.4975     6.54261113E+000
  2.5025     6.56651313E+000
  2.5075     6.59041334E+000
  2.5125     6.61432417E+000
  2.5175     6.63824043E+000
  2.5225     6.66233368E+000
  2.5275     6.68651122E+000
  2.5325     6.71058332E+000
  2.5375     6.73489630E+000
  2.5425     6.75918552E+000
  2.5475     6.78348362E+000
  2.5525     6.80792237E+000
  2.5575     6.83232241E+000
  2.5625     6.85684586E+000
  2.5675     6.88134168E+000
  2.5725     6.90598607E+000
  2.5775     6.93073175E+000
  2.5825     6.95537795E+000
  2.5875     6.98038675E+000
  2.5925     7.00530873E+000
  2.5975     7.03013299E+000
  2.6025     7.05507715E+000
  2.6075     7.08013207E+000
  2.6125     7.10513888E+000
  2.6175     7.13029053E+000
  2.6225     7.15534391E+000
  2.6275     7.18057066E+000
  2.6325     7.20602351E+000
  2.6375     7.23128551E+000
  2.6425     7.25671992E+000
  2.6475     7.28224424E+000
  2.6525     7.30782881E+000
  2.6575     7.33339482E+000
  2.6625     7.35909197E+000
  2.6675     7.38454816E+000
  2.6725     7.41045181E+000
  2.6775     7.43630031E+000
  2.6825     7.46205035E+000
  2.6875     7.48801977E+000
  2.6925     7.51408645E+000
  2.6975     7.53997103E+000
  2.7025     7.56594169E+000
  2.7075     7.59205857E+000
  2.7125     7.61818892E+000
  2.7175     7.64450662E+000
  2.7225     7.67078566E+000
  2.7275     7.69716230E+000
  2.7325     7.72366995E+000
  2.7375     7.75020077E+000
  2.7425     7.77672284E+000
  2.7475     7.80333674E+000
  2.7525     7.83008766E+000
  2.7575     7.85680492E+000
  2.7625     7.88345445E+000
  2.7675     7.91039704E+000
  2.7725     7.93727915E+000
  2.7775     7.96411942E+000
  2.7825     7.99121249E+000
  2.7875     8.01829531E+000
  2.7925     8.04533876E+000
  2.7975     8.07256016E+000
  2.8025     8.09988124E+000
  2.8075     8.12700152E+000
  2.8125     8.15440650E+000
  2.8175     8.18194339E+000
  2.8225     8.20928830E+000
  2.8275     8.23686960E+000
  2.8325     8.26441439E+000
  2.8375     8.29212371E+000
  2.8425     8.31981554E+000
  2.8475     8.34746912E+000
  2.8525     8.37536548E+000
  2.8575     8.40336002E+000
  2.8625     8.43092867E+000
  2.8675     8.45892726E+000
  2.8725     8.48694459E+000
  2.8775     8.51513673E+000
  2.8825     8.54324489E+000
  2.8875     8.57174381E+000
  2.8925     8.59975600E+000
  2.8975     8.62808963E+000
  2.9025     8.65641526E+000
  2.9075     8.68476971E+000
  2.9125     8.71315156E+000
  2.9175     8.74176240E+000
  2.9225     8.77019342E+000
  2.9275     8.79899694E+000
  2.9325     8.82778795E+000
  2.9375     8.85660684E+000
  2.9425     8.88535974E+000
  2.9475     8.91441993E+000
  2.9525     8.94319046E+000
  2.9575     8.97223100E+000
  2.9625     9.00110178E+000
  2.9675     9.03022021E+000
  2.9725     9.05931491E+000
  2.9775     9.08789558E+000
  2.9825     9.11734490E+000
  2.9875     9.14612444E+000
  2.9925     9.17618660E+000
  2.9975     9.20510452E+000
  3.0025     9.23375739E+000
  3.0075     9.26425038E+000
  3.0125     9.29271506E+000
  3.0175     9.32283891E+000
  3.0225     9.35340916E+000
  3.0275     9.38062419E+000
  3.0325     9.41439483E+000
  3.0375     9.43901980E+000
  3.0425     9.47101132E+000
  3.0475     9.49821773E+000
  3.0525     9.53917278E+000
  3.0575     9.54867796E+000
  3.0625     9.57360856E+000
  3.0675     9.61877597E+000
  3.0725     9.66901337E+000
