  0.0005                   0
  0.0015                   0
  0.0025                   0
  0.0035                   0
  0.0045                   0
  0.0055                   0
  0.0065                   0
  0.0075                   0
  0.0085                   0
  0.0095                   0
  0.0105                   0
  0.0115                   0
  0.0125                   0
  0.0135                   0
  0.0145                   0
  0.0155                   0
  0.0165                   0
  0.0175                   0
  0.0185                   0
  0.0195                   0
  0.0205                   0
  0.0215                   0
  0.0225                   0
  0.0235                   0
  0.0245                   0
  0.0255                   0
  0.0265                   0
  0.0275                   0
  0.0285                   0
  0.0295                   0
  0.0305                   0
  0.0315                   0
  0.0325                   0
  0.0335                   0
  0.0345                   0
  0.0355                   0
  0.0365                   0
  0.0375                   0
  0.0385                   0
  0.0395                   0
  0.0405                   0
  0.0415                   0
  0.0425                   0
  0.0435                   0
  0.0445                   0
  0.0455                   0
  0.0465                   0
  0.0475                   0
  0.0485                   0
  0.0495                   0
  0.0505                   0
  0.0515                   0
  0.0525                   0
  0.0535                   0
  0.0545                   0
  0.0555                   0
  0.0565                   0
  0.0575                   0
  0.0585                   0
  0.0595                   0
  0.0605                   0
  0.0615                   0
  0.0625                   0
  0.0635                   0
  0.0645                   0
  0.0655                   0
  0.0665                   0
  0.0675                   0
  0.0685                   0
  0.0695                   0
  0.0705                   0
  0.0715                   0
  0.0725                   0
  0.0735                   0
  0.0745                   0
  0.0755                   0
  0.0765                   0
  0.0775                   0
  0.0785                   0
  0.0795                   0
  0.0805                   0
  0.0815                   0
  0.0825                   0
  0.0835                   0
  0.0845                   0
  0.0855                   0
  0.0865                   0
  0.0875                   0
  0.0885                   0
  0.0895                   0
  0.0905                   0
  0.0915                   0
  0.0925                   0
  0.0935                   0
  0.0945                   0
  0.0955                   0
  0.0965                   0
  0.0975                   0
  0.0985                   0
  0.0995                   0
  0.1005                   0
  0.1015                   0
  0.1025                   0
  0.1035                   0
  0.1045                   0
  0.1055                   0
  0.1065                   0
  0.1075                   0
  0.1085                   0
  0.1095                   0
  0.1105                   0
  0.1115                   0
  0.1125                   0
  0.1135                   0
  0.1145                   0
  0.1155                   0
  0.1165                   0
  0.1175                   0
  0.1185                   0
  0.1195                   0
  0.1205                   0
  0.1215                   0
  0.1225                   0
  0.1235                   0
  0.1245                   0
  0.1255                   0
  0.1265                   0
  0.1275                   0
  0.1285                   0
  0.1295                   0
  0.1305                   0
  0.1315                   0
  0.1325                   0
  0.1335                   0
  0.1345                   0
  0.1355                   0
  0.1365                   0
  0.1375                   0
  0.1385                   0
  0.1395                   0
  0.1405                   0
  0.1415                   0
  0.1425                   0
  0.1435                   0
  0.1445                   0
  0.1455                   0
  0.1465                   0
  0.1475                   0
  0.1485                   0
  0.1495                   0
  0.1505                   0
  0.1515                   0
  0.1525                   0
  0.1535                   0
  0.1545                   0
  0.1555                   0
  0.1565                   0
  0.1575                   0
  0.1585                   0
  0.1595                   2
  0.1605                   2
  0.1615                   5
  0.1625                  18
  0.1635                  25
  0.1645                  45
  0.1655                  83
  0.1665                 142
  0.1675                 142
  0.1685                 223
  0.1695                 242
  0.1705                 387
  0.1715                 514
  0.1725                 684
  0.1735                 898
  0.1745                1135
  0.1755                1453
  0.1765                1721
  0.1775                2285
  0.1785                2986
  0.1795                3532
  0.1805                4414
  0.1815                5447
  0.1825                6112
  0.1835                7926
  0.1845                9431
  0.1855               11093
  0.1865               13727
  0.1875               17152
  0.1885               21094
  0.1895               25423
  0.1905               30451
  0.1915               36861
  0.1925               44450
  0.1935               53847
  0.1945               63886
  0.1955               77096
  0.1965               91693
  0.1975              108864
  0.1985              130392
  0.1995              154727
  0.2005              182179
  0.2015              215522
  0.2025              252923
  0.2035              297894
  0.2045              346709
  0.2055              409169
  0.2065              477838
  0.2075              559793
  0.2085              646017
  0.2095              755554
  0.2105              875876
  0.2115             1008119
  0.2125             1168540
  0.2135             1345776
  0.2145             1548941
  0.2155             1772014
  0.2165             2032961
  0.2175             2323850
  0.2185             2649421
  0.2195             3021186
  0.2205             3419696
  0.2215             3877690
  0.2225             4384847
  0.2235             4952938
  0.2245             5580334
  0.2255             6266372
  0.2265             7020538
  0.2275             7874412
  0.2285             8792406
  0.2295             9799971
  0.2305            10904952
  0.2315            12111665
  0.2325            13414838
  0.2335            14848168
  0.2345            16390601
  0.2355            18053336
  0.2365            19844572
  0.2375            21781978
  0.2385            23864508
  0.2395            26054910
  0.2405            28422366
  0.2415            30937635
  0.2425            33599034
  0.2435            36455884
  0.2445            39436412
  0.2455            42556990
  0.2465            45880228
  0.2475            49365973
  0.2485            52967210
  0.2495            53784384
  0.2505            60423714
  0.2515            64483072
  0.2525            68683960
  0.2535            72972575
  0.2545            77423636
  0.2555            81937376
  0.2565            86571757
  0.2575            91192750
  0.2585            95973907
  0.2595           100803010
  0.2605           105587882
  0.2615           110448727
  0.2625           115260977
  0.2635           120080841
  0.2645           124829451
  0.2655           129538745
  0.2665           134084189
  0.2675           138571778
  0.2685           142827856
  0.2695           147066576
  0.2705           151067770
  0.2715           154842838
  0.2725           158463072
  0.2735           161814750
  0.2745           164801790
  0.2755           167525286
  0.2765           170094658
  0.2775           172247728
  0.2785           174066431
  0.2795           175632769
  0.2805           176880925
  0.2815           177724837
  0.2825           178202418
  0.2835           178399394
  0.2845           178233010
  0.2855           177647641
  0.2865           176710080
  0.2875           175434009
  0.2885           173830194
  0.2895           171926919
  0.2905           169632566
  0.2915           167066318
  0.2925           164185780
  0.2935           161063983
  0.2945           157717282
  0.2955           154086850
  0.2965           150238826
  0.2975           146233298
  0.2985           142046061
  0.2995           137690828
  0.3005           133197337
  0.3015           128561988
  0.3025           123815980
  0.3035           119074597
  0.3045           114353075
  0.3055           109440394
  0.3065           104631565
  0.3075            99817360
  0.3085            94986942
  0.3095            90261257
  0.3105            85584032
  0.3115            81019007
  0.3125            76518931
  0.3135            72128658
  0.3145            67791632
  0.3155            63697582
  0.3165            59681328
  0.3175            55807773
  0.3185            52063755
  0.3195            48539421
  0.3205            45096141
  0.3215            41814586
  0.3225            38699082
  0.3235            35775028
  0.3245            32995736
  0.3255            30374732
  0.3265            27893941
  0.3275            25536376
  0.3285            23388845
  0.3295            21332298
  0.3305            19460455
  0.3315            17691866
  0.3325            16044910
  0.3335            14535988
  0.3345            13140858
  0.3355            11851647
  0.3365            10686230
  0.3375             9590329
  0.3385             8609442
  0.3395             7698943
  0.3405             6869061
  0.3415             6130521
  0.3425             5459309
  0.3435             4838624
  0.3445             4281385
  0.3455             3795050
  0.3465             3345214
  0.3475             2950557
  0.3485             2597680
  0.3495             2278609
  0.3505             1993103
  0.3515             1737444
  0.3525             1517149
  0.3535             1320643
  0.3545             1143654
  0.3555              989668
  0.3565              856089
  0.3575              741859
  0.3585              636619
  0.3595              546433
  0.3605              466378
  0.3615              400800
  0.3625              340072
  0.3635              291192
  0.3645              247288
  0.3655              211719
  0.3665              178352
  0.3675              151005
  0.3685              127224
  0.3695              106895
  0.3705               89277
  0.3715               75727
  0.3725               62560
  0.3735               52036
  0.3745               43557
  0.3755               36137
  0.3765               30202
  0.3775               25143
  0.3785               20130
  0.3795               17155
  0.3805               13998
  0.3815               11103
  0.3825                8953
  0.3835                7495
  0.3845                6125
  0.3855                4864
  0.3865                3860
  0.3875                3212
  0.3885                2567
  0.3895                1865
  0.3905                1589
  0.3915                1365
  0.3925                1097
  0.3935                 752
  0.3945                 633
  0.3955                 513
  0.3965                 428
  0.3975                 250
  0.3985                 197
  0.3995                 194
  0.4005                 117
  0.4015                 147
  0.4025                  54
  0.4035                  86
  0.4045                  37
  0.4055                  25
  0.4065                  27
  0.4075                  13
  0.4085                  17
  0.4095                   5
  0.4105                   2
  0.4115                   5
  0.4125                   3
  0.4135                   3
  0.4145                   1
  0.4155                   0
  0.4165                   0
  0.4175                   0
  0.4185                   0
  0.4195                   1
  0.4205                   0
  0.4215                   0
  0.4225                   0
  0.4235                   0
  0.4245                   0
  0.4255                   0
  0.4265                   0
  0.4275                   0
  0.4285                   0
  0.4295                   0
  0.4305                   0
  0.4315                   0
  0.4325                   0
  0.4335                   0
  0.4345                   0
  0.4355                   0
  0.4365                   0
  0.4375                   0
  0.4385                   0
  0.4395                   0
  0.4405                   0
  0.4415                   0
  0.4425                   0
  0.4435                   0
  0.4445                   0
  0.4455                   0
  0.4465                   0
  0.4475                   0
  0.4485                   0
  0.4495                   0
  0.4505                   0
  0.4515                   0
  0.4525                   0
  0.4535                   0
  0.4545                   0
  0.4555                   0
  0.4565                   0
  0.4575                   0
  0.4585                   0
  0.4595                   0
  0.4605                   0
  0.4615                   0
  0.4625                   0
  0.4635                   0
  0.4645                   0
  0.4655                   0
  0.4665                   0
  0.4675                   0
  0.4685                   0
  0.4695                   0
  0.4705                   0
  0.4715                   0
  0.4725                   0
  0.4735                   0
  0.4745                   0
  0.4755                   0
  0.4765                   0
  0.4775                   0
  0.4785                   0
  0.4795                   0
  0.4805                   0
  0.4815                   0
  0.4825                   0
  0.4835                   0
  0.4845                   0
  0.4855                   0
  0.4865                   0
  0.4875                   0
  0.4885                   0
  0.4895                   0
  0.4905                   0
  0.4915                   0
  0.4925                   0
  0.4935                   0
  0.4945                   0
  0.4955                   0
  0.4965                   0
  0.4975                   0
  0.4985                   0
  0.4995                   0
  0.5005                   0
  0.5015                   0
  0.5025                   0
  0.5035                   0
  0.5045                   0
  0.5055                   0
  0.5065                   0
  0.5075                   0
  0.5085                   0
  0.5095                   0
  0.5105                   0
  0.5115                   0
  0.5125                   0
  0.5135                   0
  0.5145                   0
  0.5155                   0
  0.5165                   0
  0.5175                   0
  0.5185                   0
  0.5195                   0
  0.5205                   0
  0.5215                   0
  0.5225                   0
  0.5235                   0
  0.5245                   0
  0.5255                   0
  0.5265                   0
  0.5275                   0
  0.5285                   0
  0.5295                   0
  0.5305                   0
  0.5315                   0
  0.5325                   0
  0.5335                   0
  0.5345                   0
  0.5355                   0
  0.5365                   0
  0.5375                   0
  0.5385                   0
  0.5395                   0
  0.5405                   0
  0.5415                   0
  0.5425                   0
  0.5435                   0
  0.5445                   0
  0.5455                   0
  0.5465                   0
  0.5475                   0
  0.5485                   0
  0.5495                   0
  0.5505                   0
  0.5515                   0
  0.5525                   0
  0.5535                   0
  0.5545                   0
  0.5555                   0
  0.5565                   0
  0.5575                   0
  0.5585                   0
  0.5595                   0
  0.5605                   0
  0.5615                   0
  0.5625                   0
  0.5635                   0
  0.5645                   0
  0.5655                   0
  0.5665                   0
  0.5675                   0
  0.5685                   0
  0.5695                   0
  0.5705                   0
  0.5715                   0
  0.5725                   0
  0.5735                   0
  0.5745                   0
  0.5755                   0
  0.5765                   0
  0.5775                   0
  0.5785                   0
  0.5795                   0
  0.5805                   0
  0.5815                   0
  0.5825                   0
  0.5835                   0
  0.5845                   0
  0.5855                   0
  0.5865                   0
  0.5875                   0
  0.5885                   0
  0.5895                   0
  0.5905                   0
  0.5915                   0
  0.5925                   0
  0.5935                   0
  0.5945                   0
  0.5955                   0
  0.5965                   0
  0.5975                   0
  0.5985                   0
  0.5995                   0
  0.6005                   0
  0.6015                   0
  0.6025                   0
  0.6035                   0
  0.6045                   0
  0.6055                   0
  0.6065                   0
  0.6075                   0
  0.6085                   0
  0.6095                   0
  0.6105                   0
  0.6115                   0
  0.6125                   0
  0.6135                   0
  0.6145                   0
  0.6155                   0
  0.6165                   0
  0.6175                   0
  0.6185                   0
  0.6195                   0
  0.6205                   0
  0.6215                   0
  0.6225                   0
  0.6235                   0
  0.6245                   0
  0.6255                   0
  0.6265                   0
  0.6275                   0
  0.6285                   0
  0.6295                   0
  0.6305                   0
  0.6315                   0
  0.6325                   0
  0.6335                   0
  0.6345                   0
  0.6355                   0
  0.6365                   0
  0.6375                   0
  0.6385                   0
  0.6395                   0
  0.6405                   0
  0.6415                   0
  0.6425                   0
  0.6435                   0
  0.6445                   0
  0.6455                   0
  0.6465                   0
  0.6475                   0
  0.6485                   0
  0.6495                   0
  0.6505                   0
  0.6515                   0
  0.6525                   0
  0.6535                   0
  0.6545                   0
  0.6555                   0
  0.6565                   0
  0.6575                   0
  0.6585                   0
  0.6595                   0
  0.6605                   0
  0.6615                   0
  0.6625                   0
  0.6635                   0
  0.6645                   0
  0.6655                   0
  0.6665                   0
  0.6675                   0
  0.6685                   0
  0.6695                   0
  0.6705                   0
  0.6715                   0
  0.6725                   0
  0.6735                   0
  0.6745                   0
  0.6755                   0
  0.6765                   0
  0.6775                   0
  0.6785                   0
  0.6795                   0
  0.6805                   0
  0.6815                   0
  0.6825                   0
  0.6835                   0
  0.6845                   0
  0.6855                   0
  0.6865                   0
  0.6875                   0
  0.6885                   0
  0.6895                   0
  0.6905                   0
  0.6915                   0
  0.6925                   0
  0.6935                   0
  0.6945                   0
  0.6955                   0
  0.6965                   0
  0.6975                   0
  0.6985                   0
  0.6995                   0
  0.7005                   0
  0.7015                   0
  0.7025                   0
  0.7035                   0
  0.7045                   0
  0.7055                   0
  0.7065                   0
  0.7075                   0
  0.7085                   0
  0.7095                   0
  0.7105                   0
  0.7115                   0
  0.7125                   0
  0.7135                   0
  0.7145                   0
  0.7155                   0
  0.7165                   0
  0.7175                   0
  0.7185                   0
  0.7195                   0
  0.7205                   0
  0.7215                   0
  0.7225                   0
  0.7235                   0
  0.7245                   0
  0.7255                   0
  0.7265                   0
  0.7275                   0
  0.7285                   0
  0.7295                   0
  0.7305                   0
  0.7315                   0
  0.7325                   0
  0.7335                   0
  0.7345                   0
  0.7355                   0
  0.7365                   0
  0.7375                   0
  0.7385                   0
  0.7395                   0
  0.7405                   0
  0.7415                   0
  0.7425                   0
  0.7435                   0
  0.7445                   0
  0.7455                   0
  0.7465                   0
  0.7475                   0
  0.7485                   0
  0.7495                   0
  0.7505                   0
  0.7515                   0
  0.7525                   0
  0.7535                   0
  0.7545                   0
  0.7555                   0
  0.7565                   0
  0.7575                   0
  0.7585                   0
  0.7595                   0
  0.7605                   0
  0.7615                   0
  0.7625                   0
  0.7635                   0
  0.7645                   0
  0.7655                   0
  0.7665                   0
  0.7675                   0
  0.7685                   0
  0.7695                   0
  0.7705                   0
  0.7715                   0
  0.7725                   0
  0.7735                   0
  0.7745                   0
  0.7755                   0
  0.7765                   0
  0.7775                   0
  0.7785                   0
  0.7795                   0
  0.7805                   0
  0.7815                   0
  0.7825                   0
  0.7835                   0
  0.7845                   0
  0.7855                   0
  0.7865                   0
  0.7875                   0
  0.7885                   0
  0.7895                   0
  0.7905                   0
  0.7915                   0
  0.7925                   0
  0.7935                   0
  0.7945                   0
  0.7955                   0
  0.7965                   0
  0.7975                   0
  0.7985                   0
  0.7995                   0
  0.8005                   0
  0.8015                   0
  0.8025                   0
  0.8035                   0
  0.8045                   0
  0.8055                   0
  0.8065                   0
  0.8075                   0
  0.8085                   0
  0.8095                   0
  0.8105                   0
  0.8115                   0
  0.8125                   0
  0.8135                   0
  0.8145                   0
  0.8155                   0
  0.8165                   0
  0.8175                   0
  0.8185                   0
  0.8195                   0
  0.8205                   0
  0.8215                   0
  0.8225                   0
  0.8235                   0
  0.8245                   0
  0.8255                   0
  0.8265                   0
  0.8275                   0
  0.8285                   0
  0.8295                   0
  0.8305                   0
  0.8315                   0
  0.8325                   0
  0.8335                   0
  0.8345                   0
  0.8355                   0
  0.8365                   0
  0.8375                   0
  0.8385                   0
  0.8395                   0
  0.8405                   0
  0.8415                   0
  0.8425                   0
  0.8435                   0
  0.8445                   0
  0.8455                   0
  0.8465                   0
  0.8475                   0
  0.8485                   0
  0.8495                   0
  0.8505                   0
  0.8515                   0
  0.8525                   0
  0.8535                   0
  0.8545                   0
  0.8555                   0
  0.8565                   0
  0.8575                   0
  0.8585                   0
  0.8595                   0
  0.8605                   0
  0.8615                   0
  0.8625                   0
  0.8635                   0
  0.8645                   0
  0.8655                   0
  0.8665                   0
  0.8675                   0
  0.8685                   0
  0.8695                   0
  0.8705                   0
  0.8715                   0
  0.8725                   0
  0.8735                   0
  0.8745                   0
  0.8755                   0
  0.8765                   0
  0.8775                   0
  0.8785                   0
  0.8795                   0
  0.8805                   0
  0.8815                   0
  0.8825                   0
  0.8835                   0
  0.8845                   0
  0.8855                   0
  0.8865                   0
  0.8875                   0
  0.8885                   0
  0.8895                   0
  0.8905                   0
  0.8915                   0
  0.8925                   0
  0.8935                   0
  0.8945                   0
  0.8955                   0
  0.8965                   0
  0.8975                   0
  0.8985                   0
  0.8995                   0
  0.9005                   0
