  0.0005                   0
  0.0015                   0
  0.0025                   0
  0.0035                   0
  0.0045                   0
  0.0055                   0
  0.0065                   0
  0.0075                   0
  0.0085                   0
  0.0095                   0
  0.0105                   0
  0.0115                   0
  0.0125                   0
  0.0135                   0
  0.0145                   0
  0.0155                   0
  0.0165                   0
  0.0175                   0
  0.0185                   0
  0.0195                   0
  0.0205                   0
  0.0215                   0
  0.0225                   0
  0.0235                   0
  0.0245                   0
  0.0255                   0
  0.0265                   0
  0.0275                   0
  0.0285                   0
  0.0295                   0
  0.0305                   0
  0.0315                   0
  0.0325                   0
  0.0335                   0
  0.0345                   0
  0.0355                   0
  0.0365                   0
  0.0375                   0
  0.0385                   0
  0.0395                   0
  0.0405                   0
  0.0415                   0
  0.0425                   0
  0.0435                   0
  0.0445                   0
  0.0455                   0
  0.0465                   0
  0.0475                   0
  0.0485                   0
  0.0495                   0
  0.0505                   0
  0.0515                   0
  0.0525                   0
  0.0535                   0
  0.0545                   0
  0.0555                   0
  0.0565                   0
  0.0575                   0
  0.0585                   0
  0.0595                   0
  0.0605                   0
  0.0615                   0
  0.0625                   0
  0.0635                   0
  0.0645                   0
  0.0655                   0
  0.0665                   0
  0.0675                   0
  0.0685                   0
  0.0695                   0
  0.0705                   0
  0.0715                   0
  0.0725                   0
  0.0735                   0
  0.0745                   0
  0.0755                   0
  0.0765                   0
  0.0775                   0
  0.0785                   0
  0.0795                   0
  0.0805                   0
  0.0815                   0
  0.0825                   0
  0.0835                   0
  0.0845                   0
  0.0855                   0
  0.0865                   0
  0.0875                   0
  0.0885                   0
  0.0895                   0
  0.0905                   0
  0.0915                   0
  0.0925                   0
  0.0935                   0
  0.0945                   0
  0.0955                   0
  0.0965                   0
  0.0975                   0
  0.0985                   0
  0.0995                   0
  0.1005                   0
  0.1015                   0
  0.1025                   0
  0.1035                   0
  0.1045                   0
  0.1055                   0
  0.1065                   0
  0.1075                   0
  0.1085                   0
  0.1095                   0
  0.1105                   0
  0.1115                   0
  0.1125                   0
  0.1135                   0
  0.1145                   0
  0.1155                   0
  0.1165                   0
  0.1175                   0
  0.1185                   0
  0.1195                   0
  0.1205                   0
  0.1215                   0
  0.1225                   0
  0.1235                   0
  0.1245                   0
  0.1255                   0
  0.1265                   0
  0.1275                   0
  0.1285                   0
  0.1295                   0
  0.1305                   0
  0.1315                   0
  0.1325                   0
  0.1335                   0
  0.1345                   0
  0.1355                   0
  0.1365                   0
  0.1375                   0
  0.1385                   0
  0.1395                   0
  0.1405                   0
  0.1415                   0
  0.1425                   0
  0.1435                   0
  0.1445                   0
  0.1455                   0
  0.1465                   0
  0.1475                   0
  0.1485                   0
  0.1495                   0
  0.1505                   0
  0.1515                   0
  0.1525                   0
  0.1535                   0
  0.1545                   0
  0.1555                   0
  0.1565                   0
  0.1575                   0
  0.1585                   0
  0.1595                   0
  0.1605                   0
  0.1615                   0
  0.1625                   0
  0.1635                   0
  0.1645                   0
  0.1655                   0
  0.1665                   0
  0.1675                   0
  0.1685                   0
  0.1695                   0
  0.1705                   0
  0.1715                   0
  0.1725                   0
  0.1735                   0
  0.1745                   0
  0.1755                   0
  0.1765                   0
  0.1775                   0
  0.1785                   0
  0.1795                   0
  0.1805                   0
  0.1815                   0
  0.1825                   0
  0.1835                   0
  0.1845                   0
  0.1855                   0
  0.1865                   0
  0.1875                   0
  0.1885                   0
  0.1895                   0
  0.1905                   0
  0.1915                   0
  0.1925                   0
  0.1935                   0
  0.1945                   0
  0.1955                   0
  0.1965                   0
  0.1975                   0
  0.1985                   0
  0.1995                   0
  0.2005                   0
  0.2015                   0
  0.2025                   0
  0.2035                   2
  0.2045                   2
  0.2055                   5
  0.2065                   8
  0.2075                   7
  0.2085                  21
  0.2095                  19
  0.2105                  27
  0.2115                  77
  0.2125                 104
  0.2135                 114
  0.2145                 167
  0.2155                 137
  0.2165                 211
  0.2175                 268
  0.2185                 347
  0.2195                 460
  0.2205                 602
  0.2215                 746
  0.2225                 997
  0.2235                1010
  0.2245                1398
  0.2255                1824
  0.2265                1946
  0.2275                2567
  0.2285                3080
  0.2295                3787
  0.2305                4643
  0.2315                5799
  0.2325                6882
  0.2335                8050
  0.2345               10423
  0.2355               12324
  0.2365               14789
  0.2375               18055
  0.2385               21770
  0.2395               26563
  0.2405               31653
  0.2415               37708
  0.2425               46854
  0.2435               55453
  0.2445               66395
  0.2455               79866
  0.2465               94278
  0.2475              112439
  0.2485              131826
  0.2495              147842
  0.2505              182690
  0.2515              216398
  0.2525              252563
  0.2535              300609
  0.2545              351807
  0.2555              408978
  0.2565              481300
  0.2575              556926
  0.2585              649121
  0.2595              760150
  0.2605              881774
  0.2615             1007341
  0.2625             1170805
  0.2635             1345566
  0.2645             1552954
  0.2655             1787671
  0.2665             2038979
  0.2675             2337753
  0.2685             2651003
  0.2695             3016413
  0.2705             3431709
  0.2715             3878912
  0.2725             4394406
  0.2735             4954952
  0.2745             5585288
  0.2755             6272801
  0.2765             7027734
  0.2775             7877420
  0.2785             8785285
  0.2795             9793828
  0.2805            10904687
  0.2815            12111602
  0.2825            13408365
  0.2835            14839771
  0.2845            16372453
  0.2855            18037445
  0.2865            19849363
  0.2875            21782366
  0.2885            23834968
  0.2895            26066037
  0.2905            28431363
  0.2915            30907449
  0.2925            33582059
  0.2935            36402504
  0.2945            39391845
  0.2955            42522020
  0.2965            45817493
  0.2975            49253261
  0.2985            52882231
  0.2995            56706936
  0.3005            60549332
  0.3015            64630582
  0.3025            68754341
  0.3035            73147010
  0.3045            77552237
  0.3055            82084757
  0.3065            86712130
  0.3075            91441914
  0.3085            96211389
  0.3095           101034653
  0.3105           105909093
  0.3115           110707266
  0.3125           115608767
  0.3135           120388955
  0.3145           125136585
  0.3155           129928160
  0.3165           134472563
  0.3175           138984800
  0.3185           143386844
  0.3195           147540739
  0.3205           151593131
  0.3215           155427650
  0.3225           158999258
  0.3235           162346127
  0.3245           165432108
  0.3255           168223389
  0.3265           170647083
  0.3275           172954782
  0.3285           174782073
  0.3295           176405312
  0.3305           177623896
  0.3315           178511831
  0.3325           179006795
  0.3335           179199672
  0.3345           178960536
  0.3355           178315367
  0.3365           177513142
  0.3375           176226828
  0.3385           174618299
  0.3395           172660761
  0.3405           170355316
  0.3415           167857460
  0.3425           164952070
  0.3435           161857887
  0.3445           158430556
  0.3455           154783940
  0.3465           150968807
  0.3475           146921220
  0.3485           142678196
  0.3495           138217855
  0.3505           133749303
  0.3515           129062519
  0.3525           124382322
  0.3535           119536883
  0.3545           114761445
  0.3555           109797511
  0.3565           104934186
  0.3575           100102138
  0.3585            95170563
  0.3595            90386411
  0.3605            85616622
  0.3615            80978396
  0.3625            76412699
  0.3635            71959226
  0.3645            67615341
  0.3655            63380074
  0.3665            59323359
  0.3675            55335707
  0.3685            51588811
  0.3695            47929048
  0.3705            44426310
  0.3715            41128449
  0.3725            37964282
  0.3735            34959907
  0.3745            32141155
  0.3755            29467348
  0.3765            26967913
  0.3775            24604879
  0.3785            22393909
  0.3795            20351148
  0.3805            18423636
  0.3815            16675844
  0.3825            15022150
  0.3835            13533141
  0.3845            12158832
  0.3855            10869250
  0.3865             9709108
  0.3875             8658812
  0.3885             7686868
  0.3895             6825273
  0.3905             6021207
  0.3915             5307750
  0.3925             4664079
  0.3935             4096206
  0.3945             3573846
  0.3955             3124481
  0.3965             2718211
  0.3975             2347598
  0.3985             2033231
  0.3995             1763364
  0.4005             1507502
  0.4015             1292910
  0.4025             1105666
  0.4035              943505
  0.4045              797209
  0.4055              677898
  0.4065              571439
  0.4075              483280
  0.4085              403083
  0.4095              339313
  0.4105              281339
  0.4115              234509
  0.4125              194102
  0.4135              161353
  0.4145              133139
  0.4155              109784
  0.4165               89121
  0.4175               72898
  0.4185               59030
  0.4195               47514
  0.4205               38772
  0.4215               31953
  0.4225               24787
  0.4235               20167
  0.4245               16272
  0.4255               12270
  0.4265               10009
  0.4275                7765
  0.4285                6282
  0.4295                4877
  0.4305                4001
  0.4315                3178
  0.4325                2435
  0.4335                1742
  0.4345                1366
  0.4355                1145
  0.4365                 777
  0.4375                 609
  0.4385                 601
  0.4395                 271
  0.4405                 191
  0.4415                 228
  0.4425                 201
  0.4435                 102
  0.4445                  87
  0.4455                  71
  0.4465                  32
  0.4475                  28
  0.4485                  25
  0.4495                  17
  0.4505                  12
  0.4515                   8
  0.4525                   9
  0.4535                   0
  0.4545                   1
  0.4555                   1
  0.4565                   0
  0.4575                   0
  0.4585                   0
  0.4595                   0
  0.4605                   0
  0.4615                   0
  0.4625                   0
  0.4635                   0
  0.4645                   0
  0.4655                   0
  0.4665                   0
  0.4675                   0
  0.4685                   0
  0.4695                   0
  0.4705                   0
  0.4715                   0
  0.4725                   0
  0.4735                   0
  0.4745                   0
  0.4755                   0
  0.4765                   0
  0.4775                   0
  0.4785                   0
  0.4795                   0
  0.4805                   0
  0.4815                   0
  0.4825                   0
  0.4835                   0
  0.4845                   0
  0.4855                   0
  0.4865                   0
  0.4875                   0
  0.4885                   0
  0.4895                   0
  0.4905                   0
  0.4915                   0
  0.4925                   0
  0.4935                   0
  0.4945                   0
  0.4955                   0
  0.4965                   0
  0.4975                   0
  0.4985                   0
  0.4995                   0
  0.5005                   0
  0.5015                   0
  0.5025                   0
  0.5035                   0
  0.5045                   0
  0.5055                   0
  0.5065                   0
  0.5075                   0
  0.5085                   0
  0.5095                   0
  0.5105                   0
  0.5115                   0
  0.5125                   0
  0.5135                   0
  0.5145                   0
  0.5155                   0
  0.5165                   0
  0.5175                   0
  0.5185                   0
  0.5195                   0
  0.5205                   0
  0.5215                   0
  0.5225                   0
  0.5235                   0
  0.5245                   0
  0.5255                   0
  0.5265                   0
  0.5275                   0
  0.5285                   0
  0.5295                   0
  0.5305                   0
  0.5315                   0
  0.5325                   0
  0.5335                   0
  0.5345                   0
  0.5355                   0
  0.5365                   0
  0.5375                   0
  0.5385                   0
  0.5395                   0
  0.5405                   0
  0.5415                   0
  0.5425                   0
  0.5435                   0
  0.5445                   0
  0.5455                   0
  0.5465                   0
  0.5475                   0
  0.5485                   0
  0.5495                   0
  0.5505                   0
  0.5515                   0
  0.5525                   0
  0.5535                   0
  0.5545                   0
  0.5555                   0
  0.5565                   0
  0.5575                   0
  0.5585                   0
  0.5595                   0
  0.5605                   0
  0.5615                   0
  0.5625                   0
  0.5635                   0
  0.5645                   0
  0.5655                   0
  0.5665                   0
  0.5675                   0
  0.5685                   0
  0.5695                   0
  0.5705                   0
  0.5715                   0
  0.5725                   0
  0.5735                   0
  0.5745                   0
  0.5755                   0
  0.5765                   0
  0.5775                   0
  0.5785                   0
  0.5795                   0
  0.5805                   0
  0.5815                   0
  0.5825                   0
  0.5835                   0
  0.5845                   0
  0.5855                   0
  0.5865                   0
  0.5875                   0
  0.5885                   0
  0.5895                   0
  0.5905                   0
  0.5915                   0
  0.5925                   0
  0.5935                   0
  0.5945                   0
  0.5955                   0
  0.5965                   0
  0.5975                   0
  0.5985                   0
  0.5995                   0
  0.6005                   0
  0.6015                   0
  0.6025                   0
  0.6035                   0
  0.6045                   0
  0.6055                   0
  0.6065                   0
  0.6075                   0
  0.6085                   0
  0.6095                   0
  0.6105                   0
  0.6115                   0
  0.6125                   0
  0.6135                   0
  0.6145                   0
  0.6155                   0
  0.6165                   0
  0.6175                   0
  0.6185                   0
  0.6195                   0
  0.6205                   0
  0.6215                   0
  0.6225                   0
  0.6235                   0
  0.6245                   0
  0.6255                   0
  0.6265                   0
  0.6275                   0
  0.6285                   0
  0.6295                   0
  0.6305                   0
  0.6315                   0
  0.6325                   0
  0.6335                   0
  0.6345                   0
  0.6355                   0
  0.6365                   0
  0.6375                   0
  0.6385                   0
  0.6395                   0
  0.6405                   0
  0.6415                   0
  0.6425                   0
  0.6435                   0
  0.6445                   0
  0.6455                   0
  0.6465                   0
  0.6475                   0
  0.6485                   0
  0.6495                   0
  0.6505                   0
  0.6515                   0
  0.6525                   0
  0.6535                   0
  0.6545                   0
  0.6555                   0
  0.6565                   0
  0.6575                   0
  0.6585                   0
  0.6595                   0
  0.6605                   0
  0.6615                   0
  0.6625                   0
  0.6635                   0
  0.6645                   0
  0.6655                   0
  0.6665                   0
  0.6675                   0
  0.6685                   0
  0.6695                   0
  0.6705                   0
  0.6715                   0
  0.6725                   0
  0.6735                   0
  0.6745                   0
  0.6755                   0
  0.6765                   0
  0.6775                   0
  0.6785                   0
  0.6795                   0
  0.6805                   0
  0.6815                   0
  0.6825                   0
  0.6835                   0
  0.6845                   0
  0.6855                   0
  0.6865                   0
  0.6875                   0
  0.6885                   0
  0.6895                   0
  0.6905                   0
  0.6915                   0
  0.6925                   0
  0.6935                   0
  0.6945                   0
  0.6955                   0
  0.6965                   0
  0.6975                   0
  0.6985                   0
  0.6995                   0
  0.7005                   0
  0.7015                   0
  0.7025                   0
  0.7035                   0
  0.7045                   0
  0.7055                   0
  0.7065                   0
  0.7075                   0
  0.7085                   0
  0.7095                   0
  0.7105                   0
  0.7115                   0
  0.7125                   0
  0.7135                   0
  0.7145                   0
  0.7155                   0
  0.7165                   0
  0.7175                   0
  0.7185                   0
  0.7195                   0
  0.7205                   0
  0.7215                   0
  0.7225                   0
  0.7235                   0
  0.7245                   0
  0.7255                   0
  0.7265                   0
  0.7275                   0
  0.7285                   0
  0.7295                   0
  0.7305                   0
  0.7315                   0
  0.7325                   0
  0.7335                   0
  0.7345                   0
  0.7355                   0
  0.7365                   0
  0.7375                   0
  0.7385                   0
  0.7395                   0
  0.7405                   0
  0.7415                   0
  0.7425                   0
  0.7435                   0
  0.7445                   0
  0.7455                   0
  0.7465                   0
  0.7475                   0
  0.7485                   0
  0.7495                   0
  0.7505                   0
  0.7515                   0
  0.7525                   0
  0.7535                   0
  0.7545                   0
  0.7555                   0
  0.7565                   0
  0.7575                   0
  0.7585                   0
  0.7595                   0
  0.7605                   0
  0.7615                   0
  0.7625                   0
  0.7635                   0
  0.7645                   0
  0.7655                   0
  0.7665                   0
  0.7675                   0
  0.7685                   0
  0.7695                   0
  0.7705                   0
  0.7715                   0
  0.7725                   0
  0.7735                   0
  0.7745                   0
  0.7755                   0
  0.7765                   0
  0.7775                   0
  0.7785                   0
  0.7795                   0
  0.7805                   0
  0.7815                   0
  0.7825                   0
  0.7835                   0
  0.7845                   0
  0.7855                   0
  0.7865                   0
  0.7875                   0
  0.7885                   0
  0.7895                   0
  0.7905                   0
  0.7915                   0
  0.7925                   0
  0.7935                   0
  0.7945                   0
  0.7955                   0
  0.7965                   0
  0.7975                   0
  0.7985                   0
  0.7995                   0
  0.8005                   0
  0.8015                   0
  0.8025                   0
  0.8035                   0
  0.8045                   0
  0.8055                   0
  0.8065                   0
  0.8075                   0
  0.8085                   0
  0.8095                   0
  0.8105                   0
  0.8115                   0
  0.8125                   0
  0.8135                   0
  0.8145                   0
  0.8155                   0
  0.8165                   0
  0.8175                   0
  0.8185                   0
  0.8195                   0
  0.8205                   0
  0.8215                   0
  0.8225                   0
  0.8235                   0
  0.8245                   0
  0.8255                   0
  0.8265                   0
  0.8275                   0
  0.8285                   0
  0.8295                   0
  0.8305                   0
  0.8315                   0
  0.8325                   0
  0.8335                   0
  0.8345                   0
  0.8355                   0
  0.8365                   0
  0.8375                   0
  0.8385                   0
  0.8395                   0
  0.8405                   0
  0.8415                   0
  0.8425                   0
  0.8435                   0
  0.8445                   0
  0.8455                   0
  0.8465                   0
  0.8475                   0
  0.8485                   0
  0.8495                   0
  0.8505                   0
  0.8515                   0
  0.8525                   0
  0.8535                   0
  0.8545                   0
  0.8555                   0
  0.8565                   0
  0.8575                   0
  0.8585                   0
  0.8595                   0
  0.8605                   0
  0.8615                   0
  0.8625                   0
  0.8635                   0
  0.8645                   0
  0.8655                   0
  0.8665                   0
  0.8675                   0
  0.8685                   0
  0.8695                   0
  0.8705                   0
  0.8715                   0
  0.8725                   0
  0.8735                   0
  0.8745                   0
  0.8755                   0
  0.8765                   0
  0.8775                   0
  0.8785                   0
  0.8795                   0
  0.8805                   0
  0.8815                   0
  0.8825                   0
  0.8835                   0
  0.8845                   0
  0.8855                   0
  0.8865                   0
  0.8875                   0
  0.8885                   0
  0.8895                   0
  0.8905                   0
  0.8915                   0
  0.8925                   0
  0.8935                   0
  0.8945                   0
  0.8955                   0
  0.8965                   0
  0.8975                   0
  0.8985                   0
  0.8995                   0
  0.9005                   0
