  0.0005                   0
  0.0015                   0
  0.0025                   0
  0.0035                   0
  0.0045                   0
  0.0055                   0
  0.0065                   0
  0.0075                   0
  0.0085                   0
  0.0095                   0
  0.0105                   0
  0.0115                   0
  0.0125                   0
  0.0135                   0
  0.0145                   0
  0.0155                   0
  0.0165                   0
  0.0175                   0
  0.0185                   0
  0.0195                   0
  0.0205                   0
  0.0215                   0
  0.0225                   0
  0.0235                   0
  0.0245                   0
  0.0255                   0
  0.0265                   0
  0.0275                   0
  0.0285                   0
  0.0295                   0
  0.0305                   0
  0.0315                   0
  0.0325                   0
  0.0335                   0
  0.0345                   0
  0.0355                   0
  0.0365                   0
  0.0375                   0
  0.0385                   0
  0.0395                   0
  0.0405                   0
  0.0415                   0
  0.0425                   0
  0.0435                   0
  0.0445                   0
  0.0455                   0
  0.0465                   0
  0.0475                   0
  0.0485                   0
  0.0495                   0
  0.0505                   0
  0.0515                   0
  0.0525                   0
  0.0535                   0
  0.0545                   0
  0.0555                   0
  0.0565                   0
  0.0575                   0
  0.0585                   0
  0.0595                   0
  0.0605                   0
  0.0615                   0
  0.0625                   0
  0.0635                   0
  0.0645                   0
  0.0655                   0
  0.0665                   0
  0.0675                   0
  0.0685                   0
  0.0695                   0
  0.0705                   0
  0.0715                   0
  0.0725                   0
  0.0735                   0
  0.0745                   0
  0.0755                   0
  0.0765                   0
  0.0775                   0
  0.0785                   0
  0.0795                   0
  0.0805                   0
  0.0815                   0
  0.0825                   0
  0.0835                   0
  0.0845                   0
  0.0855                   0
  0.0865                   0
  0.0875                   0
  0.0885                   0
  0.0895                   0
  0.0905                   0
  0.0915                   0
  0.0925                   0
  0.0935                   0
  0.0945                   0
  0.0955                   0
  0.0965                   0
  0.0975                   0
  0.0985                   0
  0.0995                   0
  0.1005                   0
  0.1015                   0
  0.1025                   0
  0.1035                   0
  0.1045                   0
  0.1055                   0
  0.1065                   0
  0.1075                   0
  0.1085                   0
  0.1095                   0
  0.1105                   0
  0.1115                   0
  0.1125                   0
  0.1135                   0
  0.1145                   0
  0.1155                   0
  0.1165                   0
  0.1175                   0
  0.1185                   0
  0.1195                   0
  0.1205                   0
  0.1215                   0
  0.1225                   0
  0.1235                   0
  0.1245                   0
  0.1255                   0
  0.1265                   0
  0.1275                   0
  0.1285                   0
  0.1295                   0
  0.1305                   0
  0.1315                   0
  0.1325                   0
  0.1335                   0
  0.1345                   0
  0.1355                   0
  0.1365                   0
  0.1375                   0
  0.1385                   0
  0.1395                   0
  0.1405                   0
  0.1415                   0
  0.1425                   0
  0.1435                   0
  0.1445                   0
  0.1455                   0
  0.1465                   0
  0.1475                   0
  0.1485                   0
  0.1495                   0
  0.1505                   0
  0.1515                   0
  0.1525                   0
  0.1535                   0
  0.1545                   0
  0.1555                   0
  0.1565                   0
  0.1575                   0
  0.1585                   0
  0.1595                   0
  0.1605                   0
  0.1615                   0
  0.1625                   0
  0.1635                   0
  0.1645                   0
  0.1655                   0
  0.1665                   0
  0.1675                   0
  0.1685                   0
  0.1695                   0
  0.1705                   0
  0.1715                   0
  0.1725                   0
  0.1735                   0
  0.1745                   0
  0.1755                   0
  0.1765                   0
  0.1775                   0
  0.1785                   0
  0.1795                   0
  0.1805                   0
  0.1815                   0
  0.1825                   0
  0.1835                   0
  0.1845                   0
  0.1855                   0
  0.1865                   0
  0.1875                   0
  0.1885                   0
  0.1895                   0
  0.1905                   0
  0.1915                   0
  0.1925                   0
  0.1935                   0
  0.1945                   0
  0.1955                   0
  0.1965                   0
  0.1975                   0
  0.1985                   0
  0.1995                   0
  0.2005                   0
  0.2015                   0
  0.2025                   0
  0.2035                   0
  0.2045                   0
  0.2055                   0
  0.2065                   0
  0.2075                   0
  0.2085                   0
  0.2095                   0
  0.2105                   0
  0.2115                   0
  0.2125                   0
  0.2135                   0
  0.2145                   0
  0.2155                   0
  0.2165                   0
  0.2175                   0
  0.2185                   0
  0.2195                   0
  0.2205                   0
  0.2215                   0
  0.2225                   0
  0.2235                   0
  0.2245                   0
  0.2255                   0
  0.2265                   0
  0.2275                   0
  0.2285                   0
  0.2295                   0
  0.2305                   0
  0.2315                   0
  0.2325                   0
  0.2335                   0
  0.2345                   0
  0.2355                   0
  0.2365                   0
  0.2375                   0
  0.2385                   0
  0.2395                   0
  0.2405                   0
  0.2415                   0
  0.2425                   0
  0.2435                   0
  0.2445                   0
  0.2455                   0
  0.2465                   0
  0.2475                   0
  0.2485                   0
  0.2495                   0
  0.2505                   0
  0.2515                   0
  0.2525                   0
  0.2535                   0
  0.2545                   0
  0.2555                   0
  0.2565                   0
  0.2575                   0
  0.2585                   0
  0.2595                   0
  0.2605                   0
  0.2615                   0
  0.2625                   0
  0.2635                   0
  0.2645                   0
  0.2655                   0
  0.2665                   0
  0.2675                   0
  0.2685                   0
  0.2695                   0
  0.2705                   0
  0.2715                   0
  0.2725                   0
  0.2735                   0
  0.2745                   0
  0.2755                   0
  0.2765                   0
  0.2775                   0
  0.2785                   0
  0.2795                   0
  0.2805                   0
  0.2815                   0
  0.2825                   0
  0.2835                   0
  0.2845                   0
  0.2855                   0
  0.2865                   0
  0.2875                   0
  0.2885                   0
  0.2895                   0
  0.2905                   0
  0.2915                   0
  0.2925                   0
  0.2935                   0
  0.2945                   0
  0.2955                   0
  0.2965                   0
  0.2975                   0
  0.2985                   0
  0.2995                   0
  0.3005                   0
  0.3015                   0
  0.3025                   0
  0.3035                   0
  0.3045                   0
  0.3055                   0
  0.3065                   0
  0.3075                   0
  0.3085                   0
  0.3095                   0
  0.3105                   0
  0.3115                   0
  0.3125                   0
  0.3135                   0
  0.3145                   0
  0.3155                   0
  0.3165                   0
  0.3175                   0
  0.3185                   0
  0.3195                   0
  0.3205                   0
  0.3215                   0
  0.3225                   0
  0.3235                   0
  0.3245                   0
  0.3255                   0
  0.3265                   0
  0.3275                   0
  0.3285                   0
  0.3295                   0
  0.3305                   0
  0.3315                   0
  0.3325                   0
  0.3335                   0
  0.3345                   0
  0.3355                   0
  0.3365                   0
  0.3375                   0
  0.3385                   0
  0.3395                   0
  0.3405                   0
  0.3415                   0
  0.3425                   0
  0.3435                   0
  0.3445                   0
  0.3455                   0
  0.3465                   0
  0.3475                   0
  0.3485                   0
  0.3495                   0
  0.3505                   0
  0.3515                   0
  0.3525                   0
  0.3535                   0
  0.3545                   0
  0.3555                   0
  0.3565                   0
  0.3575                   0
  0.3585                   0
  0.3595                   0
  0.3605                   0
  0.3615                   0
  0.3625                   0
  0.3635                   0
  0.3645                   0
  0.3655                   0
  0.3665                   0
  0.3675                   0
  0.3685                   0
  0.3695                   0
  0.3705                   0
  0.3715                   0
  0.3725                   0
  0.3735                   0
  0.3745                   0
  0.3755                   0
  0.3765                   0
  0.3775                   0
  0.3785                   0
  0.3795                   0
  0.3805                   0
  0.3815                   0
  0.3825                   0
  0.3835                   0
  0.3845                   0
  0.3855                   0
  0.3865                   0
  0.3875                   0
  0.3885                   0
  0.3895                   0
  0.3905                   0
  0.3915                   0
  0.3925                   0
  0.3935                   0
  0.3945                   0
  0.3955                   0
  0.3965                   0
  0.3975                   0
  0.3985                   0
  0.3995                   0
  0.4005                   0
  0.4015                   0
  0.4025                   0
  0.4035                   0
  0.4045                   0
  0.4055                   0
  0.4065                   0
  0.4075                   0
  0.4085                   0
  0.4095                   0
  0.4105                   0
  0.4115                   0
  0.4125                   0
  0.4135                   0
  0.4145                   0
  0.4155                   0
  0.4165                   0
  0.4175                   0
  0.4185                   0
  0.4195                   0
  0.4205                   0
  0.4215                   0
  0.4225                   0
  0.4235                   0
  0.4245                   0
  0.4255                   0
  0.4265                   0
  0.4275                   0
  0.4285                   0
  0.4295                   0
  0.4305                   0
  0.4315                   0
  0.4325                   0
  0.4335                   0
  0.4345                   0
  0.4355                   0
  0.4365                   0
  0.4375                   0
  0.4385                   0
  0.4395                   0
  0.4405                   0
  0.4415                   0
  0.4425                   0
  0.4435                   0
  0.4445                   0
  0.4455                   0
  0.4465                   0
  0.4475                   0
  0.4485                   0
  0.4495                   0
  0.4505                   0
  0.4515                   0
  0.4525                   0
  0.4535                   0
  0.4545                   0
  0.4555                   0
  0.4565                   0
  0.4575                   0
  0.4585                   0
  0.4595                   0
  0.4605                   0
  0.4615                   0
  0.4625                   0
  0.4635                   0
  0.4645                   0
  0.4655                   0
  0.4665                   0
  0.4675                   0
  0.4685                   0
  0.4695                   0
  0.4705                   0
  0.4715                   0
  0.4725                   0
  0.4735                   0
  0.4745                   0
  0.4755                   0
  0.4765                   0
  0.4775                   0
  0.4785                   0
  0.4795                   0
  0.4805                   0
  0.4815                   0
  0.4825                   0
  0.4835                   0
  0.4845                   0
  0.4855                   0
  0.4865                   0
  0.4875                   0
  0.4885                   0
  0.4895                   0
  0.4905                   0
  0.4915                   0
  0.4925                   0
  0.4935                   0
  0.4945                   0
  0.4955                   0
  0.4965                   0
  0.4975                   0
  0.4985                   0
  0.4995                   0
  0.5005                   0
  0.5015                   0
  0.5025                   0
  0.5035                   0
  0.5045                   0
  0.5055                   0
  0.5065                   0
  0.5075                   0
  0.5085                   0
  0.5095                   0
  0.5105                   0
  0.5115                   0
  0.5125                   0
  0.5135                   0
  0.5145                   0
  0.5155                   0
  0.5165                   0
  0.5175                   0
  0.5185                   0
  0.5195                   0
  0.5205                   0
  0.5215                   0
  0.5225                   0
  0.5235                   0
  0.5245                   0
  0.5255                   0
  0.5265                   0
  0.5275                   0
  0.5285                   0
  0.5295                   0
  0.5305                   0
  0.5315                   0
  0.5325                   0
  0.5335                   0
  0.5345                   0
  0.5355                   0
  0.5365                   0
  0.5375                   0
  0.5385                   0
  0.5395                   0
  0.5405                   0
  0.5415                   0
  0.5425                   0
  0.5435                   0
  0.5445                   0
  0.5455                   0
  0.5465                   0
  0.5475                   0
  0.5485                   0
  0.5495                   0
  0.5505                   0
  0.5515                   0
  0.5525                   0
  0.5535                   0
  0.5545                   0
  0.5555                   6
  0.5565                  74
  0.5575                  21
  0.5585                  49
  0.5595                  23
  0.5605                  10
  0.5615                  30
  0.5625                  85
  0.5635                 162
  0.5645                  60
  0.5655                  66
  0.5665                 664
  0.5675                 443
  0.5685                 471
  0.5695                 791
  0.5705                1336
  0.5715                1802
  0.5725                3151
  0.5735                4731
  0.5745                5884
  0.5755                8665
  0.5765                9507
  0.5775               19059
  0.5785               21172
  0.5795               32472
  0.5805               35147
  0.5815               53209
  0.5825               63965
  0.5835               90327
  0.5845              112138
  0.5855              148761
  0.5865              196738
  0.5875              252666
  0.5885              330304
  0.5895              409663
  0.5905              532931
  0.5915              658535
  0.5925              853781
  0.5935             1069173
  0.5945             1344369
  0.5955             1626927
  0.5965             2122358
  0.5975             2451211
  0.5985             3177539
  0.5995             3763360
  0.6005             4576710
  0.6015             5517319
  0.6025             6688613
  0.6035             7982891
  0.6045             9550691
  0.6055            11280656
  0.6065            13526661
  0.6075            15880209
  0.6085            18640203
  0.6095            21750402
  0.6105            25336472
  0.6115            29493812
  0.6125            33856212
  0.6135            38838917
  0.6145            44289807
  0.6155            50507714
  0.6165            56862456
  0.6175            64380790
  0.6185            72400599
  0.6195            80589404
  0.6205            89450999
  0.6215            98480447
  0.6225           108296757
  0.6235           118638818
  0.6245           129414818
  0.6255           141087232
  0.6265           152174252
  0.6275           163704363
  0.6285           175100605
  0.6295           186194774
  0.6305           197992516
  0.6315           208762295
  0.6325           218894050
  0.6335           229451967
  0.6345           239454854
  0.6355           247704037
  0.6365           254901007
  0.6375           262054238
  0.6385           267191494
  0.6395           270642526
  0.6405           274688624
  0.6415           276441289
  0.6425           276271240
  0.6435           275415350
  0.6445           273394028
  0.6455           270541442
  0.6465           265616896
  0.6475           257808385
  0.6485           253686999
  0.6495           245131452
  0.6505           235653392
  0.6515           225974687
  0.6525           214322684
  0.6535           203706441
  0.6545           192766764
  0.6555           182115251
  0.6565           171104897
  0.6575           158458610
  0.6585           147129614
  0.6595           134779498
  0.6605           124208600
  0.6615           113374678
  0.6625           103616720
  0.6635            92942716
  0.6645            83529016
  0.6655            75205188
  0.6665            66888224
  0.6675            59326839
  0.6685            51653764
  0.6695            45374024
  0.6705            39946335
  0.6715            34694172
  0.6725            30347159
  0.6735            25457770
  0.6745            21687849
  0.6755            18244506
  0.6765            15366358
  0.6775            13285610
  0.6785            10893723
  0.6795             8941935
  0.6805             7652787
  0.6815             6335990
  0.6825             4710298
  0.6835             4080482
  0.6845             3258026
  0.6855             2617255
  0.6865             2087560
  0.6875             1708399
  0.6885             1382563
  0.6895             1128183
  0.6905              831066
  0.6915              594811
  0.6925              535350
  0.6935              470743
  0.6945              483918
  0.6955              271902
  0.6965              198012
  0.6975              175380
  0.6985              154153
  0.6995               78084
  0.7005              101061
  0.7015               32038
  0.7025               40125
  0.7035               16649
  0.7045               27442
  0.7055               18948
  0.7065               13106
  0.7075               25651
  0.7085               10024
  0.7095                3461
  0.7105                2842
  0.7115                8299
  0.7125                3464
  0.7135                 622
  0.7145                   0
  0.7155                 680
  0.7165                1474
  0.7175                   0
  0.7185                   0
  0.7195                   0
  0.7205                   0
  0.7215                   0
  0.7225                   0
  0.7235                   0
  0.7245                   0
  0.7255                   0
  0.7265                   0
  0.7275                   0
  0.7285                   0
  0.7295                   0
  0.7305                   0
  0.7315                   0
  0.7325                   0
  0.7335                   0
  0.7345                   0
  0.7355                   0
  0.7365                   0
  0.7375                   0
  0.7385                   0
  0.7395                   0
  0.7405                   0
  0.7415                   0
  0.7425                   0
  0.7435                   0
  0.7445                   0
  0.7455                   0
  0.7465                   0
  0.7475                   0
  0.7485                   0
  0.7495                   0
  0.7505                   0
  0.7515                   0
  0.7525                   0
  0.7535                   0
  0.7545                   0
  0.7555                   0
  0.7565                   0
  0.7575                   0
  0.7585                   0
  0.7595                   0
  0.7605                   0
  0.7615                   0
  0.7625                   0
  0.7635                   0
  0.7645                   0
  0.7655                   0
  0.7665                   0
  0.7675                   0
  0.7685                   0
  0.7695                   0
  0.7705                   0
  0.7715                   0
  0.7725                   0
  0.7735                   0
  0.7745                   0
  0.7755                   0
  0.7765                   0
  0.7775                   0
  0.7785                   0
  0.7795                   0
  0.7805                   0
  0.7815                   0
  0.7825                   0
  0.7835                   0
  0.7845                   0
  0.7855                   0
  0.7865                   0
  0.7875                   0
  0.7885                   0
  0.7895                   0
  0.7905                   0
  0.7915                   0
  0.7925                   0
  0.7935                   0
  0.7945                   0
  0.7955                   0
  0.7965                   0
  0.7975                   0
  0.7985                   0
  0.7995                   0
  0.8005                   0
  0.8015                   0
  0.8025                   0
  0.8035                   0
  0.8045                   0
  0.8055                   0
  0.8065                   0
  0.8075                   0
  0.8085                   0
  0.8095                   0
  0.8105                   0
  0.8115                   0
  0.8125                   0
  0.8135                   0
  0.8145                   0
  0.8155                   0
  0.8165                   0
  0.8175                   0
  0.8185                   0
  0.8195                   0
  0.8205                   0
  0.8215                   0
  0.8225                   0
  0.8235                   0
  0.8245                   0
  0.8255                   0
  0.8265                   0
  0.8275                   0
  0.8285                   0
  0.8295                   0
  0.8305                   0
  0.8315                   0
  0.8325                   0
  0.8335                   0
  0.8345                   0
  0.8355                   0
  0.8365                   0
  0.8375                   0
  0.8385                   0
  0.8395                   0
  0.8405                   0
  0.8415                   0
  0.8425                   0
  0.8435                   0
  0.8445                   0
  0.8455                   0
  0.8465                   0
  0.8475                   0
  0.8485                   0
  0.8495                   0
  0.8505                   0
  0.8515                   0
  0.8525                   0
  0.8535                   0
  0.8545                   0
  0.8555                   0
  0.8565                   0
  0.8575                   0
  0.8585                   0
  0.8595                   0
  0.8605                   0
  0.8615                   0
  0.8625                   0
  0.8635                   0
  0.8645                   0
  0.8655                   0
  0.8665                   0
  0.8675                   0
  0.8685                   0
  0.8695                   0
  0.8705                   0
  0.8715                   0
  0.8725                   0
  0.8735                   0
  0.8745                   0
  0.8755                   0
  0.8765                   0
  0.8775                   0
  0.8785                   0
  0.8795                   0
  0.8805                   0
  0.8815                   0
  0.8825                   0
  0.8835                   0
  0.8845                   0
  0.8855                   0
  0.8865                   0
  0.8875                   0
  0.8885                   0
  0.8895                   0
  0.8905                   0
  0.8915                   0
  0.8925                   0
  0.8935                   0
  0.8945                   0
  0.8955                   0
  0.8965                   0
  0.8975                   0
  0.8985                   0
  0.8995                   0
  0.9005                   0
