  0.0005                   0
  0.0015                   0
  0.0025                   0
  0.0035                   0
  0.0045                   0
  0.0055                   0
  0.0065                   0
  0.0075                   0
  0.0085                   0
  0.0095                   0
  0.0105                   0
  0.0115                   0
  0.0125                   0
  0.0135                   0
  0.0145                   0
  0.0155                   0
  0.0165                   0
  0.0175                   0
  0.0185                   0
  0.0195                   0
  0.0205                   0
  0.0215                   0
  0.0225                   0
  0.0235                   0
  0.0245                   0
  0.0255                   0
  0.0265                   0
  0.0275                   0
  0.0285                   0
  0.0295                   0
  0.0305                   0
  0.0315                   0
  0.0325                   0
  0.0335                   0
  0.0345                   0
  0.0355                   0
  0.0365                   0
  0.0375                   0
  0.0385                   0
  0.0395                   0
  0.0405                   0
  0.0415                   0
  0.0425                   0
  0.0435                   0
  0.0445                   0
  0.0455                   0
  0.0465                   0
  0.0475                   0
  0.0485                   0
  0.0495                   0
  0.0505                   0
  0.0515                   0
  0.0525                   7
  0.0535                  13
  0.0545                  20
  0.0555                  57
  0.0565                  44
  0.0575                  38
  0.0585                  24
  0.0595                  46
  0.0605                  66
  0.0615                  93
  0.0625                 131
  0.0635                 152
  0.0645                 165
  0.0655                 171
  0.0665                 254
  0.0675                 338
  0.0685                 453
  0.0695                 460
  0.0705                 546
  0.0715                 723
  0.0725                 892
  0.0735                1030
  0.0745                1268
  0.0755                1570
  0.0765                2029
  0.0775                2186
  0.0785                2855
  0.0795                3623
  0.0805                3972
  0.0815                4872
  0.0825                6055
  0.0835                7687
  0.0845                9203
  0.0855               11074
  0.0865               13552
  0.0875               16857
  0.0885               20242
  0.0895               24397
  0.0905               29495
  0.0915               34723
  0.0925               42297
  0.0935               51461
  0.0945               61988
  0.0955               74953
  0.0965               90100
  0.0975              108702
  0.0985              128561
  0.0995              154468
  0.1005              183108
  0.1015              216494
  0.1025              254873
  0.1035              298066
  0.1045              348738
  0.1055              404793
  0.1065              476055
  0.1075              555126
  0.1085              643845
  0.1095              744512
  0.1105              869749
  0.1115             1007634
  0.1125             1159258
  0.1135             1337169
  0.1145             1539760
  0.1155             1763670
  0.1165             2019717
  0.1175             2304493
  0.1185             2625821
  0.1195             2992777
  0.1205             3399942
  0.1215             3850677
  0.1225             4354884
  0.1235             4918885
  0.1245             5548614
  0.1255             6237340
  0.1265             7003978
  0.1275             7843876
  0.1285             8766196
  0.1295             9777053
  0.1305            10871169
  0.1315            12074995
  0.1325            13382972
  0.1335            14803444
  0.1345            16359186
  0.1355            18019444
  0.1365            19818602
  0.1375            21748407
  0.1385            23797938
  0.1395            26021920
  0.1405            28370011
  0.1415            30877592
  0.1425            33525615
  0.1435            36346432
  0.1445            39340192
  0.1455            42476933
  0.1465            45733252
  0.1475            49206392
  0.1485            52817303
  0.1495            56543688
  0.1505            60457860
  0.1515            64493395
  0.1525            68654753
  0.1535            73012507
  0.1545            77411970
  0.1555            81942646
  0.1565            86583816
  0.1575            91267158
  0.1585            96014199
  0.1595           100829202
  0.1605           105606365
  0.1615           110456239
  0.1625           115310146
  0.1635           120110439
  0.1645           124822430
  0.1655           129540626
  0.1665           134145541
  0.1675           138564789
  0.1685           142896806
  0.1695           147087430
  0.1705           151118079
  0.1715           154885506
  0.1725           158451964
  0.1735           161774883
  0.1745           164858068
  0.1755           167630127
  0.1765           170140987
  0.1775           172301677
  0.1785           174175070
  0.1795           175703877
  0.1805           176896148
  0.1815           177766595
  0.1825           178227620
  0.1835           178379067
  0.1845           178168226
  0.1855           177613993
  0.1865           176623060
  0.1875           175360863
  0.1885           173775430
  0.1895           171834240
  0.1905           169671949
  0.1915           167020620
  0.1925           164184657
  0.1935           161088256
  0.1945           157694906
  0.1955           154119846
  0.1965           150230079
  0.1975           146236810
  0.1985           142058537
  0.1995           137667244
  0.2005           133192067
  0.2015           128560720
  0.2025           123868904
  0.2035           119114841
  0.2045           114300678
  0.2055           109475683
  0.2065           104643613
  0.2075            99838112
  0.2085            95049954
  0.2095            90268608
  0.2105            85554034
  0.2115            80977588
  0.2125            76489277
  0.2135            72044541
  0.2145            67778670
  0.2155            63641148
  0.2165            59620585
  0.2175            55739526
  0.2185            52033964
  0.2195            48461435
  0.2205            45015501
  0.2215            41767585
  0.2225            38651485
  0.2235            35712446
  0.2245            32925681
  0.2255            30300035
  0.2265            27840808
  0.2275            25492027
  0.2285            23321095
  0.2295            21292743
  0.2305            19402455
  0.2315            17631639
  0.2325            15991549
  0.2335            14491280
  0.2345            13110924
  0.2355            11802041
  0.2365            10651882
  0.2375             9557758
  0.2385             8567867
  0.2395             7676685
  0.2405             6846533
  0.2415             6108030
  0.2425             5429625
  0.2435             4820800
  0.2445             4268507
  0.2455             3773780
  0.2465             3330296
  0.2475             2932361
  0.2485             2577620
  0.2495             2152744
  0.2505             1987384
  0.2515             1737191
  0.2525             1510047
  0.2535             1313014
  0.2545             1138881
  0.2555              987407
  0.2565              853778
  0.2575              740802
  0.2585              634897
  0.2595              548066
  0.2605              472820
  0.2615              404094
  0.2625              343076
  0.2635              293348
  0.2645              250587
  0.2655              212802
  0.2665              179646
  0.2675              153164
  0.2685              129230
  0.2695              108402
  0.2705               91515
  0.2715               76494
  0.2725               63697
  0.2735               53879
  0.2745               44579
  0.2755               36949
  0.2765               30500
  0.2775               25428
  0.2785               21476
  0.2795               17498
  0.2805               14893
  0.2815               11809
  0.2825                9636
  0.2835                7708
  0.2845                6599
  0.2855                5388
  0.2865                4275
  0.2875                3394
  0.2885                2898
  0.2895                2206
  0.2905                1747
  0.2915                1551
  0.2925                1255
  0.2935                 928
  0.2945                 791
  0.2955                 683
  0.2965                 570
  0.2975                 454
  0.2985                 321
  0.2995                 299
  0.3005                 234
  0.3015                 143
  0.3025                 165
  0.3035                 111
  0.3045                  83
  0.3055                  57
  0.3065                  39
  0.3075                  42
  0.3085                  20
  0.3095                  35
  0.3105                  14
  0.3115                  14
  0.3125                  14
  0.3135                   8
  0.3145                   3
  0.3155                   5
  0.3165                   6
  0.3175                   0
  0.3185                   2
  0.3195                   3
  0.3205                   0
  0.3215                   2
  0.3225                   1
  0.3235                   0
  0.3245                   8
  0.3255                   0
  0.3265                   0
  0.3275                   0
  0.3285                   1
  0.3295                   0
  0.3305                   0
  0.3315                   0
  0.3325                   0
  0.3335                   0
  0.3345                   0
  0.3355                   0
  0.3365                   0
  0.3375                   0
  0.3385                   0
  0.3395                   0
  0.3405                   0
  0.3415                   0
  0.3425                   0
  0.3435                   0
  0.3445                   0
  0.3455                   0
  0.3465                   0
  0.3475                   0
  0.3485                   0
  0.3495                   0
  0.3505                   0
  0.3515                   0
  0.3525                   0
  0.3535                   0
  0.3545                   0
  0.3555                   0
  0.3565                   0
  0.3575                   0
  0.3585                   0
  0.3595                   0
  0.3605                   0
  0.3615                   0
  0.3625                   0
  0.3635                   0
  0.3645                   0
  0.3655                   0
  0.3665                   0
  0.3675                   0
  0.3685                   0
  0.3695                   0
  0.3705                   0
  0.3715                   0
  0.3725                   0
  0.3735                   0
  0.3745                   0
  0.3755                   0
  0.3765                   0
  0.3775                   0
  0.3785                   0
  0.3795                   0
  0.3805                   0
  0.3815                   0
  0.3825                   0
  0.3835                   0
  0.3845                   0
  0.3855                   0
  0.3865                   0
  0.3875                   0
  0.3885                   0
  0.3895                   0
  0.3905                   0
  0.3915                   0
  0.3925                   0
  0.3935                   0
  0.3945                   0
  0.3955                   0
  0.3965                   0
  0.3975                   0
  0.3985                   0
  0.3995                   0
  0.4005                   0
  0.4015                   0
  0.4025                   0
  0.4035                   0
  0.4045                   0
  0.4055                   0
  0.4065                   0
  0.4075                   0
  0.4085                   0
  0.4095                   0
  0.4105                   0
  0.4115                   0
  0.4125                   0
  0.4135                   0
  0.4145                   0
  0.4155                   0
  0.4165                   0
  0.4175                   0
  0.4185                   0
  0.4195                   0
  0.4205                   0
  0.4215                   0
  0.4225                   0
  0.4235                   0
  0.4245                   0
  0.4255                   0
  0.4265                   0
  0.4275                   0
  0.4285                   0
  0.4295                   0
  0.4305                   0
  0.4315                   0
  0.4325                   0
  0.4335                   0
  0.4345                   0
  0.4355                   0
  0.4365                   0
  0.4375                   0
  0.4385                   0
  0.4395                   0
  0.4405                   0
  0.4415                   0
  0.4425                   0
  0.4435                   0
  0.4445                   0
  0.4455                   0
  0.4465                   0
  0.4475                   0
  0.4485                   0
  0.4495                   0
  0.4505                   0
  0.4515                   0
  0.4525                   0
  0.4535                   0
  0.4545                   0
  0.4555                   0
  0.4565                   0
  0.4575                   0
  0.4585                   0
  0.4595                   0
  0.4605                   0
  0.4615                   0
  0.4625                   0
  0.4635                   0
  0.4645                   0
  0.4655                   0
  0.4665                   0
  0.4675                   0
  0.4685                   0
  0.4695                   0
  0.4705                   0
  0.4715                   0
  0.4725                   0
  0.4735                   0
  0.4745                   0
  0.4755                   0
  0.4765                   0
  0.4775                   0
  0.4785                   0
  0.4795                   0
  0.4805                   0
  0.4815                   0
  0.4825                   0
  0.4835                   0
  0.4845                   0
  0.4855                   0
  0.4865                   0
  0.4875                   0
  0.4885                   0
  0.4895                   0
  0.4905                   0
  0.4915                   0
  0.4925                   0
  0.4935                   0
  0.4945                   0
  0.4955                   0
  0.4965                   0
  0.4975                   0
  0.4985                   0
  0.4995                   0
  0.5005                   0
  0.5015                   0
  0.5025                   0
  0.5035                   0
  0.5045                   0
  0.5055                   0
  0.5065                   0
  0.5075                   0
  0.5085                   0
  0.5095                   0
  0.5105                   0
  0.5115                   0
  0.5125                   0
  0.5135                   0
  0.5145                   0
  0.5155                   0
  0.5165                   0
  0.5175                   0
  0.5185                   0
  0.5195                   0
  0.5205                   0
  0.5215                   0
  0.5225                   0
  0.5235                   0
  0.5245                   0
  0.5255                   0
  0.5265                   0
  0.5275                   0
  0.5285                   0
  0.5295                   0
  0.5305                   0
  0.5315                   0
  0.5325                   0
  0.5335                   0
  0.5345                   0
  0.5355                   0
  0.5365                   0
  0.5375                   0
  0.5385                   0
  0.5395                   0
  0.5405                   0
  0.5415                   0
  0.5425                   0
  0.5435                   0
  0.5445                   0
  0.5455                   0
  0.5465                   0
  0.5475                   0
  0.5485                   0
  0.5495                   0
  0.5505                   0
  0.5515                   0
  0.5525                   0
  0.5535                   0
  0.5545                   0
  0.5555                   0
  0.5565                   0
  0.5575                   0
  0.5585                   0
  0.5595                   0
  0.5605                   0
  0.5615                   0
  0.5625                   0
  0.5635                   0
  0.5645                   0
  0.5655                   0
  0.5665                   0
  0.5675                   0
  0.5685                   0
  0.5695                   0
  0.5705                   0
  0.5715                   0
  0.5725                   0
  0.5735                   0
  0.5745                   0
  0.5755                   0
  0.5765                   0
  0.5775                   0
  0.5785                   0
  0.5795                   0
  0.5805                   0
  0.5815                   0
  0.5825                   0
  0.5835                   0
  0.5845                   0
  0.5855                   0
  0.5865                   0
  0.5875                   0
  0.5885                   0
  0.5895                   0
  0.5905                   0
  0.5915                   0
  0.5925                   0
  0.5935                   0
  0.5945                   0
  0.5955                   0
  0.5965                   0
  0.5975                   0
  0.5985                   0
  0.5995                   0
  0.6005                   0
  0.6015                   0
  0.6025                   0
  0.6035                   0
  0.6045                   0
  0.6055                   0
  0.6065                   0
  0.6075                   0
  0.6085                   0
  0.6095                   0
  0.6105                   0
  0.6115                   0
  0.6125                   0
  0.6135                   0
  0.6145                   0
  0.6155                   0
  0.6165                   0
  0.6175                   0
  0.6185                   0
  0.6195                   0
  0.6205                   0
  0.6215                   0
  0.6225                   0
  0.6235                   0
  0.6245                   0
  0.6255                   0
  0.6265                   0
  0.6275                   0
  0.6285                   0
  0.6295                   0
  0.6305                   0
  0.6315                   0
  0.6325                   0
  0.6335                   0
  0.6345                   0
  0.6355                   0
  0.6365                   0
  0.6375                   0
  0.6385                   0
  0.6395                   0
  0.6405                   0
  0.6415                   0
  0.6425                   0
  0.6435                   0
  0.6445                   0
  0.6455                   0
  0.6465                   0
  0.6475                   0
  0.6485                   0
  0.6495                   0
  0.6505                   0
  0.6515                   0
  0.6525                   0
  0.6535                   0
  0.6545                   0
  0.6555                   0
  0.6565                   0
  0.6575                   0
  0.6585                   0
  0.6595                   0
  0.6605                   0
  0.6615                   0
  0.6625                   0
  0.6635                   0
  0.6645                   0
  0.6655                   0
  0.6665                   0
  0.6675                   0
  0.6685                   0
  0.6695                   0
  0.6705                   0
  0.6715                   0
  0.6725                   0
  0.6735                   0
  0.6745                   0
  0.6755                   0
  0.6765                   0
  0.6775                   0
  0.6785                   0
  0.6795                   0
  0.6805                   0
  0.6815                   0
  0.6825                   0
  0.6835                   0
  0.6845                   0
  0.6855                   0
  0.6865                   0
  0.6875                   0
  0.6885                   0
  0.6895                   0
  0.6905                   0
  0.6915                   0
  0.6925                   0
  0.6935                   0
  0.6945                   0
  0.6955                   0
  0.6965                   0
  0.6975                   0
  0.6985                   0
  0.6995                   0
  0.7005                   0
  0.7015                   0
  0.7025                   0
  0.7035                   0
  0.7045                   0
  0.7055                   0
  0.7065                   0
  0.7075                   0
  0.7085                   0
  0.7095                   0
  0.7105                   0
  0.7115                   0
  0.7125                   0
  0.7135                   0
  0.7145                   0
  0.7155                   0
  0.7165                   0
  0.7175                   0
  0.7185                   0
  0.7195                   0
  0.7205                   0
  0.7215                   0
  0.7225                   0
  0.7235                   0
  0.7245                   0
  0.7255                   0
  0.7265                   0
  0.7275                   0
  0.7285                   0
  0.7295                   0
  0.7305                   0
  0.7315                   0
  0.7325                   0
  0.7335                   0
  0.7345                   0
  0.7355                   0
  0.7365                   0
  0.7375                   0
  0.7385                   0
  0.7395                   0
  0.7405                   0
  0.7415                   0
  0.7425                   0
  0.7435                   0
  0.7445                   0
  0.7455                   0
  0.7465                   0
  0.7475                   0
  0.7485                   0
  0.7495                   0
  0.7505                   0
  0.7515                   0
  0.7525                   0
  0.7535                   0
  0.7545                   0
  0.7555                   0
  0.7565                   0
  0.7575                   0
  0.7585                   0
  0.7595                   0
  0.7605                   0
  0.7615                   0
  0.7625                   0
  0.7635                   0
  0.7645                   0
  0.7655                   0
  0.7665                   0
  0.7675                   0
  0.7685                   0
  0.7695                   0
  0.7705                   0
  0.7715                   0
  0.7725                   0
  0.7735                   0
  0.7745                   0
  0.7755                   0
  0.7765                   0
  0.7775                   0
  0.7785                   0
  0.7795                   0
  0.7805                   0
  0.7815                   0
  0.7825                   0
  0.7835                   0
  0.7845                   0
  0.7855                   0
  0.7865                   0
  0.7875                   0
  0.7885                   0
  0.7895                   0
  0.7905                   0
  0.7915                   0
  0.7925                   0
  0.7935                   0
  0.7945                   0
  0.7955                   0
  0.7965                   0
  0.7975                   0
  0.7985                   0
  0.7995                   0
  0.8005                   0
  0.8015                   0
  0.8025                   0
  0.8035                   0
  0.8045                   0
  0.8055                   0
  0.8065                   0
  0.8075                   0
  0.8085                   0
  0.8095                   0
  0.8105                   0
  0.8115                   0
  0.8125                   0
  0.8135                   0
  0.8145                   0
  0.8155                   0
  0.8165                   0
  0.8175                   0
  0.8185                   0
  0.8195                   0
  0.8205                   0
  0.8215                   0
  0.8225                   0
  0.8235                   0
  0.8245                   0
  0.8255                   0
  0.8265                   0
  0.8275                   0
  0.8285                   0
  0.8295                   0
  0.8305                   0
  0.8315                   0
  0.8325                   0
  0.8335                   0
  0.8345                   0
  0.8355                   0
  0.8365                   0
  0.8375                   0
  0.8385                   0
  0.8395                   0
  0.8405                   0
  0.8415                   0
  0.8425                   0
  0.8435                   0
  0.8445                   0
  0.8455                   0
  0.8465                   0
  0.8475                   0
  0.8485                   0
  0.8495                   0
  0.8505                   0
  0.8515                   0
  0.8525                   0
  0.8535                   0
  0.8545                   0
  0.8555                   0
  0.8565                   0
  0.8575                   0
  0.8585                   0
  0.8595                   0
  0.8605                   0
  0.8615                   0
  0.8625                   0
  0.8635                   0
  0.8645                   0
  0.8655                   0
  0.8665                   0
  0.8675                   0
  0.8685                   0
  0.8695                   0
  0.8705                   0
  0.8715                   0
  0.8725                   0
  0.8735                   0
  0.8745                   0
  0.8755                   0
  0.8765                   0
  0.8775                   0
  0.8785                   0
  0.8795                   0
  0.8805                   0
  0.8815                   0
  0.8825                   0
  0.8835                   0
  0.8845                   0
  0.8855                   0
  0.8865                   0
  0.8875                   0
  0.8885                   0
  0.8895                   0
  0.8905                   0
  0.8915                   0
  0.8925                   0
  0.8935                   0
  0.8945                   0
  0.8955                   0
  0.8965                   0
  0.8975                   0
  0.8985                   0
  0.8995                   0
  0.9005                   0
