  0.0005                   0
  0.0015                   0
  0.0025                   0
  0.0035                   0
  0.0045                   0
  0.0055                   0
  0.0065                   0
  0.0075                   0
  0.0085                   0
  0.0095                   0
  0.0105                   0
  0.0115                   0
  0.0125                   0
  0.0135                   0
  0.0145                   0
  0.0155                   0
  0.0165                   0
  0.0175                   0
  0.0185                   0
  0.0195                   0
  0.0205                   0
  0.0215                   0
  0.0225                   0
  0.0235                   0
  0.0245                   0
  0.0255                   0
  0.0265                   0
  0.0275                   0
  0.0285                   0
  0.0295                   0
  0.0305                   0
  0.0315                   0
  0.0325                   0
  0.0335                   0
  0.0345                   0
  0.0355                   0
  0.0365                   0
  0.0375                   0
  0.0385                   0
  0.0395                   0
  0.0405                   0
  0.0415                   0
  0.0425                   0
  0.0435                   0
  0.0445                   0
  0.0455                   0
  0.0465                   0
  0.0475                   0
  0.0485                   0
  0.0495                   0
  0.0505                   0
  0.0515                   0
  0.0525                   0
  0.0535                   0
  0.0545                   0
  0.0555                   0
  0.0565                   0
  0.0575                   0
  0.0585                   0
  0.0595                   0
  0.0605                   0
  0.0615                   0
  0.0625                   0
  0.0635                   0
  0.0645                   0
  0.0655                   0
  0.0665                   0
  0.0675                   0
  0.0685                   0
  0.0695                   0
  0.0705                   0
  0.0715                   0
  0.0725                   0
  0.0735                   0
  0.0745                   0
  0.0755                   0
  0.0765                   0
  0.0775                   0
  0.0785                   0
  0.0795                   0
  0.0805                   0
  0.0815                   0
  0.0825                   0
  0.0835                   0
  0.0845                   0
  0.0855                   0
  0.0865                   0
  0.0875                   0
  0.0885                   0
  0.0895                   0
  0.0905                   0
  0.0915                   0
  0.0925                   0
  0.0935                   0
  0.0945                   0
  0.0955                   0
  0.0965                   0
  0.0975                   0
  0.0985                   0
  0.0995                   0
  0.1005                   2
  0.1015                   2
  0.1025                   7
  0.1035                   3
  0.1045                  16
  0.1055                   9
  0.1065                   3
  0.1075                   4
  0.1085                   5
  0.1095                  11
  0.1105                  18
  0.1115                  16
  0.1125                  26
  0.1135                  73
  0.1145                 144
  0.1155                  94
  0.1165                 202
  0.1175                 264
  0.1185                 317
  0.1195                 374
  0.1205                 433
  0.1215                 528
  0.1225                 743
  0.1235                 874
  0.1245                1005
  0.1255                1404
  0.1265                1714
  0.1275                2232
  0.1285                2603
  0.1295                3351
  0.1305                3955
  0.1315                4776
  0.1325                5996
  0.1335                7304
  0.1345                9394
  0.1355               11239
  0.1365               13925
  0.1375               16747
  0.1385               20736
  0.1395               25768
  0.1405               31097
  0.1415               37942
  0.1425               45781
  0.1435               55139
  0.1445               65231
  0.1455               78430
  0.1465               93210
  0.1475              110429
  0.1485              131976
  0.1495              155245
  0.1505              184118
  0.1515              216189
  0.1525              257194
  0.1535              299026
  0.1545              349582
  0.1555              409291
  0.1565              480044
  0.1575              557335
  0.1585              646773
  0.1595              753564
  0.1605              869628
  0.1615             1009120
  0.1625             1165785
  0.1635             1346832
  0.1645             1542381
  0.1655             1771934
  0.1665             2028802
  0.1675             2314128
  0.1685             2638322
  0.1695             3005770
  0.1705             3406865
  0.1715             3863811
  0.1725             4372703
  0.1735             4936062
  0.1745             5558370
  0.1755             6250011
  0.1765             7014913
  0.1775             7859298
  0.1785             8769316
  0.1795             9775485
  0.1805            10876544
  0.1815            12098049
  0.1825            13391238
  0.1835            14809027
  0.1845            16338234
  0.1855            18005751
  0.1865            19812152
  0.1875            21721956
  0.1885            23781665
  0.1895            25972763
  0.1905            28342587
  0.1915            30852436
  0.1925            33500353
  0.1935            36311270
  0.1945            39317203
  0.1955            42438822
  0.1965            45736471
  0.1975            49198327
  0.1985            52820540
  0.1995            56588098
  0.2005            60463783
  0.2015            64531638
  0.2025            68679491
  0.2035            72970395
  0.2045            77424492
  0.2055            81921319
  0.2065            86545846
  0.2075            91242657
  0.2085            95993566
  0.2095           100756157
  0.2105           105574731
  0.2115           110410191
  0.2125           115239628
  0.2135           120017888
  0.2145           124797426
  0.2155           129441168
  0.2165           134064072
  0.2175           138534856
  0.2185           142838344
  0.2195           147089587
  0.2205           151052065
  0.2215           154888490
  0.2225           158439450
  0.2235           161762155
  0.2245           164885714
  0.2255           167706418
  0.2265           170203958
  0.2275           172406374
  0.2285           174264962
  0.2295           175800895
  0.2305           176980899
  0.2315           177864861
  0.2325           178335177
  0.2335           178476800
  0.2345           178224243
  0.2355           177660135
  0.2365           176719657
  0.2375           175519788
  0.2385           173894580
  0.2395           171973679
  0.2405           169707601
  0.2415           167136547
  0.2425           164267639
  0.2435           161111995
  0.2445           157755226
  0.2455           154151317
  0.2465           150264704
  0.2475           146285012
  0.2485           141971461
  0.2495           130880387
  0.2505           133395613
  0.2515           128767743
  0.2525           124071262
  0.2535           119339292
  0.2545           114471143
  0.2555           109612982
  0.2565           104853972
  0.2575           100028026
  0.2585            95220424
  0.2595            90496467
  0.2605            85795814
  0.2615            81194168
  0.2625            76704869
  0.2635            72238430
  0.2645            67963942
  0.2655            63800788
  0.2665            59796814
  0.2675            55921120
  0.2685            52156304
  0.2695            48598743
  0.2705            45133177
  0.2715            41898774
  0.2725            38791511
  0.2735            35822373
  0.2745            33045120
  0.2755            30418396
  0.2765            27926081
  0.2775            25606031
  0.2785            23425403
  0.2795            21375175
  0.2805            19478612
  0.2815            17706189
  0.2825            16071352
  0.2835            14553258
  0.2845            13145516
  0.2855            11868280
  0.2865            10668743
  0.2875             9596198
  0.2885             8602552
  0.2895             7702056
  0.2905             6876558
  0.2915             6131880
  0.2925             5448010
  0.2935             4838801
  0.2945             4290182
  0.2955             3787352
  0.2965             3349805
  0.2975             2945425
  0.2985             2585259
  0.2995             2270064
  0.3005             1986012
  0.3015             1737717
  0.3025             1512791
  0.3035             1319406
  0.3045             1145578
  0.3055              993828
  0.3065              856857
  0.3075              742927
  0.3085              636075
  0.3095              549427
  0.3105              472375
  0.3115              406499
  0.3125              347982
  0.3135              293766
  0.3145              250605
  0.3155              213098
  0.3165              181501
  0.3175              153737
  0.3185              128852
  0.3195              108881
  0.3205               90691
  0.3215               76461
  0.3225               64583
  0.3235               53104
  0.3245               44007
  0.3255               36827
  0.3265               30412
  0.3275               25549
  0.3285               20863
  0.3295               18027
  0.3305               14067
  0.3315               11833
  0.3325                9728
  0.3335                7832
  0.3345                6711
  0.3355                5553
  0.3365                4601
  0.3375                3462
  0.3385                2921
  0.3395                2334
  0.3405                2069
  0.3415                1608
  0.3425                1458
  0.3435                 997
  0.3445                 727
  0.3455                 620
  0.3465                 520
  0.3475                 434
  0.3485                 422
  0.3495                 302
  0.3505                 207
  0.3515                 168
  0.3525                 111
  0.3535                 100
  0.3545                  53
  0.3555                  72
  0.3565                  69
  0.3575                  56
  0.3585                  30
  0.3595                  17
  0.3605                  18
  0.3615                   7
  0.3625                  23
  0.3635                  16
  0.3645                   2
  0.3655                   1
  0.3665                   0
  0.3675                   1
  0.3685                   4
  0.3695                   0
  0.3705                   0
  0.3715                   0
  0.3725                   0
  0.3735                   0
  0.3745                   0
  0.3755                   0
  0.3765                   0
  0.3775                   0
  0.3785                   0
  0.3795                   0
  0.3805                   0
  0.3815                   0
  0.3825                   0
  0.3835                   0
  0.3845                   0
  0.3855                   0
  0.3865                   0
  0.3875                   0
  0.3885                   0
  0.3895                   0
  0.3905                   0
  0.3915                   0
  0.3925                   0
  0.3935                   0
  0.3945                   0
  0.3955                   0
  0.3965                   0
  0.3975                   0
  0.3985                   0
  0.3995                   0
  0.4005                   0
  0.4015                   0
  0.4025                   0
  0.4035                   0
  0.4045                   0
  0.4055                   0
  0.4065                   0
  0.4075                   0
  0.4085                   0
  0.4095                   0
  0.4105                   0
  0.4115                   0
  0.4125                   0
  0.4135                   0
  0.4145                   0
  0.4155                   0
  0.4165                   0
  0.4175                   0
  0.4185                   0
  0.4195                   0
  0.4205                   0
  0.4215                   0
  0.4225                   0
  0.4235                   0
  0.4245                   0
  0.4255                   0
  0.4265                   0
  0.4275                   0
  0.4285                   0
  0.4295                   0
  0.4305                   0
  0.4315                   0
  0.4325                   0
  0.4335                   0
  0.4345                   0
  0.4355                   0
  0.4365                   0
  0.4375                   0
  0.4385                   0
  0.4395                   0
  0.4405                   0
  0.4415                   0
  0.4425                   0
  0.4435                   0
  0.4445                   0
  0.4455                   0
  0.4465                   0
  0.4475                   0
  0.4485                   0
  0.4495                   0
  0.4505                   0
  0.4515                   0
  0.4525                   0
  0.4535                   0
  0.4545                   0
  0.4555                   0
  0.4565                   0
  0.4575                   0
  0.4585                   0
  0.4595                   0
  0.4605                   0
  0.4615                   0
  0.4625                   0
  0.4635                   0
  0.4645                   0
  0.4655                   0
  0.4665                   0
  0.4675                   0
  0.4685                   0
  0.4695                   0
  0.4705                   0
  0.4715                   0
  0.4725                   0
  0.4735                   0
  0.4745                   0
  0.4755                   0
  0.4765                   0
  0.4775                   0
  0.4785                   0
  0.4795                   0
  0.4805                   0
  0.4815                   0
  0.4825                   0
  0.4835                   0
  0.4845                   0
  0.4855                   0
  0.4865                   0
  0.4875                   0
  0.4885                   0
  0.4895                   0
  0.4905                   0
  0.4915                   0
  0.4925                   0
  0.4935                   0
  0.4945                   0
  0.4955                   0
  0.4965                   0
  0.4975                   0
  0.4985                   0
  0.4995                   0
  0.5005                   0
  0.5015                   0
  0.5025                   0
  0.5035                   0
  0.5045                   0
  0.5055                   0
  0.5065                   0
  0.5075                   0
  0.5085                   0
  0.5095                   0
  0.5105                   0
  0.5115                   0
  0.5125                   0
  0.5135                   0
  0.5145                   0
  0.5155                   0
  0.5165                   0
  0.5175                   0
  0.5185                   0
  0.5195                   0
  0.5205                   0
  0.5215                   0
  0.5225                   0
  0.5235                   0
  0.5245                   0
  0.5255                   0
  0.5265                   0
  0.5275                   0
  0.5285                   0
  0.5295                   0
  0.5305                   0
  0.5315                   0
  0.5325                   0
  0.5335                   0
  0.5345                   0
  0.5355                   0
  0.5365                   0
  0.5375                   0
  0.5385                   0
  0.5395                   0
  0.5405                   0
  0.5415                   0
  0.5425                   0
  0.5435                   0
  0.5445                   0
  0.5455                   0
  0.5465                   0
  0.5475                   0
  0.5485                   0
  0.5495                   0
  0.5505                   0
  0.5515                   0
  0.5525                   0
  0.5535                   0
  0.5545                   0
  0.5555                   0
  0.5565                   0
  0.5575                   0
  0.5585                   0
  0.5595                   0
  0.5605                   0
  0.5615                   0
  0.5625                   0
  0.5635                   0
  0.5645                   0
  0.5655                   0
  0.5665                   0
  0.5675                   0
  0.5685                   0
  0.5695                   0
  0.5705                   0
  0.5715                   0
  0.5725                   0
  0.5735                   0
  0.5745                   0
  0.5755                   0
  0.5765                   0
  0.5775                   0
  0.5785                   0
  0.5795                   0
  0.5805                   0
  0.5815                   0
  0.5825                   0
  0.5835                   0
  0.5845                   0
  0.5855                   0
  0.5865                   0
  0.5875                   0
  0.5885                   0
  0.5895                   0
  0.5905                   0
  0.5915                   0
  0.5925                   0
  0.5935                   0
  0.5945                   0
  0.5955                   0
  0.5965                   0
  0.5975                   0
  0.5985                   0
  0.5995                   0
  0.6005                   0
  0.6015                   0
  0.6025                   0
  0.6035                   0
  0.6045                   0
  0.6055                   0
  0.6065                   0
  0.6075                   0
  0.6085                   0
  0.6095                   0
  0.6105                   0
  0.6115                   0
  0.6125                   0
  0.6135                   0
  0.6145                   0
  0.6155                   0
  0.6165                   0
  0.6175                   0
  0.6185                   0
  0.6195                   0
  0.6205                   0
  0.6215                   0
  0.6225                   0
  0.6235                   0
  0.6245                   0
  0.6255                   0
  0.6265                   0
  0.6275                   0
  0.6285                   0
  0.6295                   0
  0.6305                   0
  0.6315                   0
  0.6325                   0
  0.6335                   0
  0.6345                   0
  0.6355                   0
  0.6365                   0
  0.6375                   0
  0.6385                   0
  0.6395                   0
  0.6405                   0
  0.6415                   0
  0.6425                   0
  0.6435                   0
  0.6445                   0
  0.6455                   0
  0.6465                   0
  0.6475                   0
  0.6485                   0
  0.6495                   0
  0.6505                   0
  0.6515                   0
  0.6525                   0
  0.6535                   0
  0.6545                   0
  0.6555                   0
  0.6565                   0
  0.6575                   0
  0.6585                   0
  0.6595                   0
  0.6605                   0
  0.6615                   0
  0.6625                   0
  0.6635                   0
  0.6645                   0
  0.6655                   0
  0.6665                   0
  0.6675                   0
  0.6685                   0
  0.6695                   0
  0.6705                   0
  0.6715                   0
  0.6725                   0
  0.6735                   0
  0.6745                   0
  0.6755                   0
  0.6765                   0
  0.6775                   0
  0.6785                   0
  0.6795                   0
  0.6805                   0
  0.6815                   0
  0.6825                   0
  0.6835                   0
  0.6845                   0
  0.6855                   0
  0.6865                   0
  0.6875                   0
  0.6885                   0
  0.6895                   0
  0.6905                   0
  0.6915                   0
  0.6925                   0
  0.6935                   0
  0.6945                   0
  0.6955                   0
  0.6965                   0
  0.6975                   0
  0.6985                   0
  0.6995                   0
  0.7005                   0
  0.7015                   0
  0.7025                   0
  0.7035                   0
  0.7045                   0
  0.7055                   0
  0.7065                   0
  0.7075                   0
  0.7085                   0
  0.7095                   0
  0.7105                   0
  0.7115                   0
  0.7125                   0
  0.7135                   0
  0.7145                   0
  0.7155                   0
  0.7165                   0
  0.7175                   0
  0.7185                   0
  0.7195                   0
  0.7205                   0
  0.7215                   0
  0.7225                   0
  0.7235                   0
  0.7245                   0
  0.7255                   0
  0.7265                   0
  0.7275                   0
  0.7285                   0
  0.7295                   0
  0.7305                   0
  0.7315                   0
  0.7325                   0
  0.7335                   0
  0.7345                   0
  0.7355                   0
  0.7365                   0
  0.7375                   0
  0.7385                   0
  0.7395                   0
  0.7405                   0
  0.7415                   0
  0.7425                   0
  0.7435                   0
  0.7445                   0
  0.7455                   0
  0.7465                   0
  0.7475                   0
  0.7485                   0
  0.7495                   0
  0.7505                   0
  0.7515                   0
  0.7525                   0
  0.7535                   0
  0.7545                   0
  0.7555                   0
  0.7565                   0
  0.7575                   0
  0.7585                   0
  0.7595                   0
  0.7605                   0
  0.7615                   0
  0.7625                   0
  0.7635                   0
  0.7645                   0
  0.7655                   0
  0.7665                   0
  0.7675                   0
  0.7685                   0
  0.7695                   0
  0.7705                   0
  0.7715                   0
  0.7725                   0
  0.7735                   0
  0.7745                   0
  0.7755                   0
  0.7765                   0
  0.7775                   0
  0.7785                   0
  0.7795                   0
  0.7805                   0
  0.7815                   0
  0.7825                   0
  0.7835                   0
  0.7845                   0
  0.7855                   0
  0.7865                   0
  0.7875                   0
  0.7885                   0
  0.7895                   0
  0.7905                   0
  0.7915                   0
  0.7925                   0
  0.7935                   0
  0.7945                   0
  0.7955                   0
  0.7965                   0
  0.7975                   0
  0.7985                   0
  0.7995                   0
  0.8005                   0
  0.8015                   0
  0.8025                   0
  0.8035                   0
  0.8045                   0
  0.8055                   0
  0.8065                   0
  0.8075                   0
  0.8085                   0
  0.8095                   0
  0.8105                   0
  0.8115                   0
  0.8125                   0
  0.8135                   0
  0.8145                   0
  0.8155                   0
  0.8165                   0
  0.8175                   0
  0.8185                   0
  0.8195                   0
  0.8205                   0
  0.8215                   0
  0.8225                   0
  0.8235                   0
  0.8245                   0
  0.8255                   0
  0.8265                   0
  0.8275                   0
  0.8285                   0
  0.8295                   0
  0.8305                   0
  0.8315                   0
  0.8325                   0
  0.8335                   0
  0.8345                   0
  0.8355                   0
  0.8365                   0
  0.8375                   0
  0.8385                   0
  0.8395                   0
  0.8405                   0
  0.8415                   0
  0.8425                   0
  0.8435                   0
  0.8445                   0
  0.8455                   0
  0.8465                   0
  0.8475                   0
  0.8485                   0
  0.8495                   0
  0.8505                   0
  0.8515                   0
  0.8525                   0
  0.8535                   0
  0.8545                   0
  0.8555                   0
  0.8565                   0
  0.8575                   0
  0.8585                   0
  0.8595                   0
  0.8605                   0
  0.8615                   0
  0.8625                   0
  0.8635                   0
  0.8645                   0
  0.8655                   0
  0.8665                   0
  0.8675                   0
  0.8685                   0
  0.8695                   0
  0.8705                   0
  0.8715                   0
  0.8725                   0
  0.8735                   0
  0.8745                   0
  0.8755                   0
  0.8765                   0
  0.8775                   0
  0.8785                   0
  0.8795                   0
  0.8805                   0
  0.8815                   0
  0.8825                   0
  0.8835                   0
  0.8845                   0
  0.8855                   0
  0.8865                   0
  0.8875                   0
  0.8885                   0
  0.8895                   0
  0.8905                   0
  0.8915                   0
  0.8925                   0
  0.8935                   0
  0.8945                   0
  0.8955                   0
  0.8965                   0
  0.8975                   0
  0.8985                   0
  0.8995                   0
  0.9005                   0
