  0.0005     2.63604571E-003
  0.0015     0.00000000E+000
  0.0025     7.54287369E-003
  0.0035     1.43156052E-002
  0.0045     2.09803838E-002
  0.0055     2.76361289E-002
  0.0065     3.42944043E-002
  0.0075     4.09395873E-002
  0.0085     4.76124678E-002
  0.0095     5.42765485E-002
  0.0105     6.09366530E-002
  0.0115     6.76013443E-002
  0.0125     7.42631238E-002
  0.0135     8.09129472E-002
  0.0145     8.75731861E-002
  0.0155     9.42294878E-002
  0.0165     1.00888498E-001
  0.0175     1.07562012E-001
  0.0185     1.14218641E-001
  0.0195     1.20874763E-001
  0.0205     1.27546100E-001
  0.0215     1.34200104E-001
  0.0225     1.40855044E-001
  0.0235     1.47522954E-001
  0.0245     1.54189222E-001
  0.0255     1.60834616E-001
  0.0265     1.67498561E-001
  0.0275     1.74154559E-001
  0.0285     1.80811487E-001
  0.0295     1.87493722E-001
  0.0305     1.94150825E-001
  0.0315     2.00812281E-001
  0.0325     2.07483212E-001
  0.0335     2.14154720E-001
  0.0345     2.20815499E-001
  0.0355     2.27469508E-001
  0.0365     2.34134292E-001
  0.0375     2.40801400E-001
  0.0385     2.47471347E-001
  0.0395     2.54137839E-001
  0.0405     2.60799010E-001
  0.0415     2.67475405E-001
  0.0425     2.74136677E-001
  0.0435     2.80795168E-001
  0.0445     2.87449844E-001
  0.0455     2.94109344E-001
  0.0465     3.00777727E-001
  0.0475     3.07426806E-001
  0.0485     3.14102417E-001
  0.0495     3.20766110E-001
  0.0505     3.25005144E-001
  0.0515     3.34117566E-001
  0.0525     3.40774476E-001
  0.0535     3.47436207E-001
  0.0545     3.54096458E-001
  0.0555     3.60766679E-001
  0.0565     3.67431134E-001
  0.0575     3.74097043E-001
  0.0585     3.80768059E-001
  0.0595     3.87415222E-001
  0.0605     3.94075442E-001
  0.0615     4.00738441E-001
  0.0625     4.07404363E-001
  0.0635     4.14068418E-001
  0.0645     4.20716895E-001
  0.0655     4.27388320E-001
  0.0665     4.34048835E-001
  0.0675     4.40708330E-001
  0.0685     4.47371151E-001
  0.0695     4.54018754E-001
  0.0705     4.60681295E-001
  0.0715     4.67345778E-001
  0.0725     4.74011039E-001
  0.0735     4.80679504E-001
  0.0745     4.87344109E-001
  0.0755     4.94006914E-001
  0.0765     5.00670054E-001
  0.0775     5.07332246E-001
  0.0785     5.13987608E-001
  0.0795     5.20644498E-001
  0.0805     5.27308603E-001
  0.0815     5.33967923E-001
  0.0825     5.40640339E-001
  0.0835     5.47311812E-001
  0.0845     5.53973591E-001
  0.0855     5.60635145E-001
  0.0865     5.67297021E-001
  0.0875     5.73967066E-001
  0.0885     5.80624141E-001
  0.0895     5.87287377E-001
  0.0905     5.93952259E-001
  0.0915     6.00613224E-001
  0.0925     6.07267673E-001
  0.0935     6.13956130E-001
  0.0945     6.20609662E-001
  0.0955     6.27274400E-001
  0.0965     6.33941940E-001
  0.0975     6.40620808E-001
  0.0985     6.47280165E-001
  0.0995     6.53948215E-001
  0.1005     6.60618713E-001
  0.1015     6.67286319E-001
  0.1025     6.73949052E-001
  0.1035     6.80615132E-001
  0.1045     6.87283398E-001
  0.1055     6.93947325E-001
  0.1065     7.00619193E-001
  0.1075     7.07275556E-001
  0.1085     7.13948172E-001
  0.1095     7.20621842E-001
  0.1105     7.27290159E-001
  0.1115     7.33944139E-001
  0.1125     7.40601825E-001
  0.1135     7.47272937E-001
  0.1145     7.53923502E-001
  0.1155     7.60590555E-001
  0.1165     7.67252311E-001
  0.1175     7.73926230E-001
  0.1185     7.80601774E-001
  0.1195     7.87246096E-001
  0.1205     7.93914790E-001
  0.1215     8.00577627E-001
  0.1225     8.07239405E-001
  0.1235     8.13908734E-001
  0.1245     8.20578377E-001
  0.1255     8.27239445E-001
  0.1265     8.33894223E-001
  0.1275     8.40556358E-001
  0.1285     8.47220785E-001
  0.1295     8.53899291E-001
  0.1305     8.60556271E-001
  0.1315     8.67210469E-001
  0.1325     8.73880381E-001
  0.1335     8.80532368E-001
  0.1345     8.87188580E-001
  0.1355     8.93847616E-001
  0.1365     9.00516357E-001
  0.1375     9.07173466E-001
  0.1385     9.13837908E-001
  0.1395     9.20484878E-001
  0.1405     9.27156997E-001
  0.1415     9.33820685E-001
  0.1425     9.40493738E-001
  0.1435     9.47154017E-001
  0.1445     9.53821485E-001
  0.1455     9.60475619E-001
  0.1465     9.67151994E-001
  0.1475     9.73809262E-001
  0.1485     9.80478401E-001
  0.1495     9.87154243E-001
  0.1505     9.93816214E-001
  0.1515     1.00048672E+000
  0.1525     1.00715019E+000
  0.1535     1.01379683E+000
  0.1545     1.02047873E+000
  0.1555     1.02713794E+000
  0.1565     1.03379618E+000
  0.1575     1.04046130E+000
  0.1585     1.04712786E+000
  0.1595     1.05378718E+000
  0.1605     1.06046903E+000
  0.1615     1.06711821E+000
  0.1625     1.07378010E+000
  0.1635     1.08044239E+000
  0.1645     1.08711098E+000
  0.1655     1.09375535E+000
  0.1665     1.10041304E+000
  0.1675     1.10709352E+000
  0.1685     1.11374874E+000
  0.1695     1.12040401E+000
  0.1705     1.12705960E+000
  0.1715     1.13372265E+000
  0.1725     1.14038040E+000
  0.1735     1.14704343E+000
  0.1745     1.15369991E+000
  0.1755     1.16036274E+000
  0.1765     1.16701780E+000
  0.1775     1.17368646E+000
  0.1785     1.18034451E+000
  0.1795     1.18700790E+000
  0.1805     1.19367011E+000
  0.1815     1.20032198E+000
  0.1825     1.20699193E+000
  0.1835     1.21364965E+000
  0.1845     1.22030976E+000
  0.1855     1.22696113E+000
  0.1865     1.23363547E+000
  0.1875     1.24029624E+000
  0.1885     1.24695308E+000
  0.1895     1.25361643E+000
  0.1905     1.26025160E+000
  0.1915     1.26693356E+000
  0.1925     1.27359407E+000
  0.1935     1.28024629E+000
  0.1945     1.28690563E+000
  0.1955     1.29355668E+000
  0.1965     1.30023079E+000
  0.1975     1.30687948E+000
  0.1985     1.31352820E+000
  0.1995     1.32019392E+000
  0.2005     1.32685606E+000
  0.2015     1.33351799E+000
  0.2025     1.34018672E+000
  0.2035     1.34684849E+000
  0.2045     1.35350267E+000
  0.2055     1.36016753E+000
  0.2065     1.36682385E+000
  0.2075     1.37347820E+000
  0.2085     1.38013929E+000
  0.2095     1.38681880E+000
  0.2105     1.39349048E+000
  0.2115     1.40014841E+000
  0.2125     1.40680347E+000
  0.2135     1.41348186E+000
  0.2145     1.42012985E+000
  0.2155     1.42679624E+000
  0.2165     1.43344601E+000
  0.2175     1.44010714E+000
  0.2185     1.44676873E+000
  0.2195     1.45340683E+000
  0.2205     1.46008329E+000
  0.2215     1.46672803E+000
  0.2225     1.47339588E+000
  0.2235     1.48005462E+000
  0.2245     1.48670048E+000
  0.2255     1.49335313E+000
  0.2265     1.50001105E+000
  0.2275     1.50667013E+000
  0.2285     1.51333193E+000
  0.2295     1.51999116E+000
  0.2305     1.52665344E+000
  0.2315     1.53330605E+000
  0.2325     1.53997497E+000
  0.2335     1.54662874E+000
  0.2345     1.55329252E+000
  0.2355     1.55995612E+000
  0.2365     1.56661266E+000
  0.2375     1.57325549E+000
  0.2385     1.57991504E+000
  0.2395     1.58657211E+000
  0.2405     1.59323382E+000
  0.2415     1.59989249E+000
  0.2425     1.60655713E+000
  0.2435     1.61321481E+000
  0.2445     1.61986804E+000
  0.2455     1.62652755E+000
  0.2465     1.63319248E+000
  0.2475     1.63982980E+000
  0.2485     1.64651704E+000
  0.2495     1.65572693E+000
  0.2505     1.65981423E+000
  0.2515     1.66647516E+000
  0.2525     1.67313103E+000
  0.2535     1.67978571E+000
  0.2545     1.68645254E+000
  0.2555     1.69312101E+000
  0.2565     1.69975343E+000
  0.2575     1.70643118E+000
  0.2585     1.71308788E+000
  0.2595     1.71973221E+000
  0.2605     1.72640758E+000
  0.2615     1.73306534E+000
  0.2625     1.73972402E+000
  0.2635     1.74639638E+000
  0.2645     1.75305259E+000
  0.2655     1.75970465E+000
  0.2665     1.76637205E+000
  0.2675     1.77302406E+000
  0.2685     1.77971515E+000
  0.2695     1.78635338E+000
  0.2705     1.79302025E+000
  0.2715     1.79967895E+000
  0.2725     1.80632476E+000
  0.2735     1.81298521E+000
  0.2745     1.81966124E+000
  0.2755     1.82633736E+000
  0.2765     1.83298540E+000
  0.2775     1.83965023E+000
  0.2785     1.84632630E+000
  0.2795     1.85298344E+000
  0.2805     1.85962941E+000
  0.2815     1.86629244E+000
  0.2825     1.87296036E+000
  0.2835     1.87960608E+000
  0.2845     1.88625882E+000
  0.2855     1.89292023E+000
  0.2865     1.89958399E+000
  0.2875     1.90624235E+000
  0.2885     1.91290612E+000
  0.2895     1.91955280E+000
  0.2905     1.92622253E+000
  0.2915     1.93289301E+000
  0.2925     1.93956129E+000
  0.2935     1.94622171E+000
  0.2945     1.95287174E+000
  0.2955     1.95953987E+000
  0.2965     1.96620346E+000
  0.2975     1.97286428E+000
  0.2985     1.97951666E+000
  0.2995     1.98615887E+000
  0.3005     1.99283800E+000
  0.3015     1.99949855E+000
  0.3025     2.00619019E+000
  0.3035     2.01282397E+000
  0.3045     2.01946851E+000
  0.3055     2.02614819E+000
  0.3065     2.03280104E+000
  0.3075     2.03945094E+000
  0.3085     2.04612124E+000
  0.3095     2.05277095E+000
  0.3105     2.05942273E+000
  0.3115     2.06608741E+000
  0.3125     2.07273101E+000
  0.3135     2.07939751E+000
  0.3145     2.08607557E+000
  0.3155     2.09269308E+000
  0.3165     2.09936482E+000
  0.3175     2.10601544E+000
  0.3185     2.11266480E+000
  0.3195     2.11932075E+000
  0.3205     2.12597491E+000
  0.3215     2.13262824E+000
  0.3225     2.13929576E+000
  0.3235     2.14594865E+000
  0.3245     2.15260395E+000
  0.3255     2.15926003E+000
  0.3265     2.16594401E+000
  0.3275     2.17258590E+000
  0.3285     2.17924603E+000
  0.3295     2.18589340E+000
  0.3305     2.19254311E+000
  0.3315     2.19919657E+000
  0.3325     2.20586253E+000
  0.3335     2.21250370E+000
  0.3345     2.21917323E+000
  0.3355     2.22584556E+000
  0.3365     2.23247654E+000
  0.3375     2.23914156E+000
  0.3385     2.24579803E+000
  0.3395     2.25246345E+000
  0.3405     2.25913259E+000
  0.3415     2.26577435E+000
  0.3425     2.27245346E+000
  0.3435     2.27910397E+000
  0.3445     2.28576340E+000
  0.3455     2.29244061E+000
  0.3465     2.29908638E+000
  0.3475     2.30574714E+000
  0.3485     2.31241005E+000
  0.3495     2.31908986E+000
  0.3505     2.32574595E+000
  0.3515     2.33242566E+000
  0.3525     2.33907407E+000
  0.3535     2.34575745E+000
  0.3545     2.35241824E+000
  0.3555     2.35911801E+000
  0.3565     2.36578911E+000
  0.3575     2.37246505E+000
  0.3585     2.37918191E+000
  0.3595     2.38585930E+000
  0.3605     2.39254979E+000
  0.3615     2.39924509E+000
  0.3625     2.40597212E+000
  0.3635     2.41266332E+000
  0.3645     2.41937558E+000
  0.3655     2.42610683E+000
  0.3665     2.43282738E+000
  0.3675     2.43957625E+000
  0.3685     2.44631001E+000
  0.3695     2.45308584E+000
  0.3705     2.45983904E+000
  0.3715     2.46662751E+000
  0.3725     2.47341991E+000
  0.3735     2.48021980E+000
  0.3745     2.48702571E+000
  0.3755     2.49384892E+000
  0.3765     2.50070701E+000
  0.3775     2.50756557E+000
  0.3785     2.51445222E+000
  0.3795     2.52133645E+000
  0.3805     2.52825576E+000
  0.3815     2.53519005E+000
  0.3825     2.54215994E+000
  0.3835     2.54914724E+000
  0.3845     2.55616088E+000
  0.3855     2.56320971E+000
  0.3865     2.57024349E+000
  0.3875     2.57732025E+000
  0.3885     2.58445550E+000
  0.3895     2.59159604E+000
  0.3905     2.59876900E+000
  0.3915     2.60598394E+000
  0.3925     2.61322773E+000
  0.3935     2.62048538E+000
  0.3945     2.62780684E+000
  0.3955     2.63513895E+000
  0.3965     2.64252334E+000
  0.3975     2.64995383E+000
  0.3985     2.65744663E+000
  0.3995     2.66492338E+000
  0.4005     2.67248082E+000
  0.4015     2.68009013E+000
  0.4025     2.68772111E+000
  0.4035     2.69540679E+000
  0.4045     2.70314987E+000
  0.4055     2.71091373E+000
  0.4065     2.71878057E+000
  0.4075     2.72664510E+000
  0.4085     2.73457000E+000
  0.4095     2.74256887E+000
  0.4105     2.75059596E+000
  0.4115     2.75868506E+000
  0.4125     2.76683525E+000
  0.4135     2.77505939E+000
  0.4145     2.78331812E+000
  0.4155     2.79163072E+000
  0.4165     2.80001806E+000
  0.4175     2.80844403E+000
  0.4185     2.81693643E+000
  0.4195     2.82550393E+000
  0.4205     2.83411976E+000
  0.4215     2.84277989E+000
  0.4225     2.85151906E+000
  0.4235     2.86033988E+000
  0.4245     2.86920672E+000
  0.4255     2.87815084E+000
  0.4265     2.88716340E+000
  0.4275     2.89622885E+000
  0.4285     2.90536429E+000
  0.4295     2.91456909E+000
  0.4305     2.92384830E+000
  0.4315     2.93319492E+000
  0.4325     2.94262635E+000
  0.4335     2.95212083E+000
  0.4345     2.96166522E+000
  0.4355     2.97128446E+000
  0.4365     2.98097619E+000
  0.4375     2.99075997E+000
  0.4385     3.00061352E+000
  0.4395     3.01051968E+000
  0.4405     3.02054406E+000
  0.4415     3.03058634E+000
  0.4425     3.04074078E+000
  0.4435     3.05095372E+000
  0.4445     3.06125798E+000
  0.4455     3.07161493E+000
  0.4465     3.08206097E+000
  0.4475     3.09258713E+000
  0.4485     3.10317773E+000
  0.4495     3.11386420E+000
  0.4505     3.12462380E+000
  0.4515     3.13545840E+000
  0.4525     3.14634609E+000
  0.4535     3.15733907E+000
  0.4545     3.16841404E+000
  0.4555     3.17958109E+000
  0.4565     3.19081166E+000
  0.4575     3.20212066E+000
  0.4585     3.21350188E+000
  0.4595     3.22497757E+000
  0.4605     3.23654309E+000
  0.4615     3.24815675E+000
  0.4625     3.25985995E+000
  0.4635     3.27164995E+000
  0.4645     3.28354451E+000
  0.4655     3.29550683E+000
  0.4665     3.30753403E+000
  0.4675     3.31965556E+000
  0.4685     3.33185575E+000
  0.4695     3.34417151E+000
  0.4705     3.35655761E+000
  0.4715     3.36902615E+000
  0.4725     3.38154421E+000
  0.4735     3.39417485E+000
  0.4745     3.40690969E+000
  0.4755     3.41968002E+000
  0.4765     3.43257659E+000
  0.4775     3.44556045E+000
  0.4785     3.45860465E+000
  0.4795     3.47175674E+000
  0.4805     3.48497842E+000
  0.4815     3.49829431E+000
  0.4825     3.51170620E+000
  0.4835     3.52517217E+000
  0.4845     3.53877004E+000
  0.4855     3.55244426E+000
  0.4865     3.56619466E+000
  0.4875     3.58001242E+000
  0.4885     3.59395845E+000
  0.4895     3.60794727E+000
  0.4905     3.61963531E+000
  0.4915     3.63626215E+000
  0.4925     3.65052216E+000
  0.4935     3.66490714E+000
  0.4945     3.67936999E+000
  0.4955     3.69391219E+000
  0.4965     3.70855762E+000
  0.4975     3.72329045E+000
  0.4985     3.73812081E+000
  0.4995     3.75298759E+000
  0.5005     3.76799276E+000
  0.5015     3.78311315E+000
  0.5025     3.79828165E+000
  0.5035     3.81353690E+000
  0.5045     3.82887899E+000
  0.5055     3.84434431E+000
  0.5065     3.85989654E+000
  0.5075     3.87553611E+000
  0.5085     3.89124924E+000
  0.5095     3.90708841E+000
  0.5105     3.92299647E+000
  0.5115     3.93898783E+000
  0.5125     3.95510073E+000
  0.5135     3.97127059E+000
  0.5145     3.98755472E+000
  0.5155     4.00395327E+000
  0.5165     4.02041021E+000
  0.5175     4.03697875E+000
  0.5185     4.05364731E+000
  0.5195     4.07038893E+000
  0.5205     4.08725126E+000
  0.5215     4.10418162E+000
  0.5225     4.12125232E+000
  0.5235     4.13834541E+000
  0.5245     4.15558554E+000
  0.5255     4.17289441E+000
  0.5265     4.19032091E+000
  0.5275     4.20783437E+000
  0.5285     4.22547322E+000
  0.5295     4.24318359E+000
  0.5305     4.26097022E+000
  0.5315     4.27892442E+000
  0.5325     4.29690868E+000
  0.5335     4.31500796E+000
  0.5345     4.33321800E+000
  0.5355     4.35149538E+000
  0.5365     4.36992596E+000
  0.5375     4.38836570E+000
  0.5385     4.40697731E+000
  0.5395     4.42562521E+000
  0.5405     4.44442717E+000
  0.5415     4.46332023E+000
  0.5425     4.48233542E+000
  0.5435     4.50143759E+000
  0.5445     4.52066769E+000
  0.5455     4.53987353E+000
  0.5465     4.55932182E+000
  0.5475     4.57882415E+000
  0.5485     4.59841430E+000
  0.5495     4.61812385E+000
  0.5505     4.63792992E+000
  0.5515     4.65783304E+000
  0.5525     4.67784476E+000
  0.5535     4.69795799E+000
  0.5545     4.71815764E+000
  0.5555     4.73839478E+000
  0.5565     4.75887844E+000
  0.5575     4.77937309E+000
  0.5585     4.79996687E+000
  0.5595     4.82071724E+000
  0.5605     4.84156361E+000
  0.5615     4.86247136E+000
  0.5625     4.88354946E+000
  0.5635     4.90470054E+000
  0.5645     4.92591586E+000
  0.5655     4.94728068E+000
  0.5665     4.96880700E+000
  0.5675     4.99041460E+000
  0.5685     5.01207339E+000
  0.5695     5.03385491E+000
  0.5705     5.05574404E+000
  0.5715     5.07775928E+000
  0.5725     5.09987735E+000
  0.5735     5.12216720E+000
  0.5745     5.14445559E+000
  0.5755     5.16688427E+000
  0.5765     5.18947953E+000
  0.5775     5.21214472E+000
  0.5785     5.23485095E+000
  0.5795     5.25779356E+000
  0.5805     5.28081417E+000
  0.5815     5.30389820E+000
  0.5825     5.32711335E+000
  0.5835     5.35053247E+000
  0.5845     5.37397627E+000
  0.5855     5.39743922E+000
  0.5865     5.42113234E+000
  0.5875     5.44494729E+000
  0.5885     5.46877340E+000
  0.5895     5.49289067E+000
  0.5905     5.51700136E+000
  0.5915     5.54121425E+000
  0.5925     5.56554366E+000
  0.5935     5.59001028E+000
  0.5945     5.61462839E+000
  0.5955     5.63929326E+000
  0.5965     5.66411387E+000
  0.5975     5.68912086E+000
  0.5985     5.71413594E+000
  0.5995     5.73929447E+000
  0.6005     5.76467138E+000
  0.6015     5.79008148E+000
  0.6025     5.81558056E+000
  0.6035     5.84129839E+000
  0.6045     5.86697932E+000
  0.6055     5.89298869E+000
  0.6065     5.91904575E+000
  0.6075     5.94517285E+000
  0.6085     5.97136003E+000
  0.6095     5.99767113E+000
  0.6105     6.02418337E+000
  0.6115     6.05085571E+000
  0.6125     6.07758546E+000
  0.6135     6.10451038E+000
  0.6145     6.13136950E+000
  0.6155     6.15864581E+000
  0.6165     6.18585385E+000
  0.6175     6.21313446E+000
  0.6185     6.24068293E+000
  0.6195     6.26831418E+000
  0.6205     6.29611313E+000
  0.6215     6.32408243E+000
  0.6225     6.35200881E+000
  0.6235     6.38022931E+000
  0.6245     6.40845898E+000
  0.6255     6.43673221E+000
  0.6265     6.46534716E+000
  0.6275     6.49398582E+000
  0.6285     6.52276714E+000
  0.6295     6.55176231E+000
  0.6305     6.58075399E+000
  0.6315     6.60995717E+000
  0.6325     6.63940278E+000
  0.6335     6.66870462E+000
  0.6345     6.69823471E+000
  0.6355     6.72800102E+000
  0.6365     6.75798302E+000
  0.6375     6.78791781E+000
  0.6385     6.81804971E+000
  0.6395     6.84838819E+000
  0.6405     6.87888730E+000
  0.6415     6.90944385E+000
  0.6425     6.94020253E+000
  0.6435     6.97101092E+000
  0.6445     7.00198137E+000
  0.6455     7.03300716E+000
  0.6465     7.06437004E+000
  0.6475     7.09588501E+000
  0.6485     7.12733537E+000
  0.6495     7.15911188E+000
  0.6505     7.19097755E+000
  0.6515     7.22301840E+000
  0.6525     7.25524913E+000
  0.6535     7.28762298E+000
  0.6545     7.32001038E+000
  0.6555     7.35236486E+000
  0.6565     7.38501353E+000
  0.6575     7.41798315E+000
  0.6585     7.45078380E+000
  0.6595     7.48417652E+000
  0.6605     7.51731268E+000
  0.6615     7.55098345E+000
  0.6625     7.58448174E+000
  0.6635     7.61826122E+000
  0.6645     7.65226906E+000
  0.6655     7.68633935E+000
  0.6665     7.72059966E+000
  0.6675     7.75484368E+000
  0.6685     7.78978317E+000
  0.6695     7.82441406E+000
  0.6705     7.85931707E+000
  0.6715     7.89441148E+000
  0.6725     7.92952735E+000
  0.6735     7.96519542E+000
  0.6745     8.00076512E+000
  0.6755     8.03626387E+000
  0.6765     8.07253147E+000
  0.6775     8.10785440E+000
  0.6785     8.14427719E+000
  0.6795     8.18078952E+000
  0.6805     8.21717620E+000
  0.6815     8.25395031E+000
  0.6825     8.29054705E+000
  0.6835     8.32797774E+000
  0.6845     8.36470141E+000
  0.6855     8.40209212E+000
  0.6865     8.43951249E+000
  0.6875     8.47730021E+000
  0.6885     8.51586171E+000
  0.6895     8.55252959E+000
  0.6905     8.59189064E+000
  0.6915     8.63023361E+000
  0.6925     8.66837163E+000
  0.6935     8.70742045E+000
  0.6945     8.74627986E+000
  0.6955     8.78487371E+000
  0.6965     8.82431683E+000
  0.6975     8.86354867E+000
  0.6985     8.90381002E+000
  0.6995     8.94347168E+000
  0.7005     8.98303562E+000
  0.7015     9.02311571E+000
  0.7025     9.06415218E+000
  0.7035     9.10481179E+000
  0.7045     9.14579568E+000
  0.7055     9.18571967E+000
  0.7065     9.22770623E+000
  0.7075     9.26847659E+000
  0.7085     9.31059827E+000
  0.7095     9.35239073E+000
  0.7105     9.39393836E+000
  0.7115     9.43656452E+000
  0.7125     9.47862746E+000
  0.7135     9.52129048E+000
  0.7145     9.56351053E+000
  0.7155     9.60759778E+000
  0.7165     9.65066187E+000
  0.7175     9.69408303E+000
  0.7185     9.73750458E+000
  0.7195     9.78163195E+000
  0.7205     9.82598663E+000
  0.7215     9.86937898E+000
  0.7225     9.91437625E+000
  0.7235     9.95853668E+000
  0.7245     1.00035489E+001
  0.7255     1.00492350E+001
  0.7265     1.00940917E+001
  0.7275     1.01395906E+001
  0.7285     1.01847363E+001
  0.7295     1.02309494E+001
  0.7305     1.02771562E+001
  0.7315     1.03237446E+001
  0.7325     1.03701699E+001
  0.7335     1.04171562E+001
  0.7345     1.04640446E+001
  0.7355     1.05114731E+001
  0.7365     1.05587195E+001
  0.7375     1.06065988E+001
  0.7385     1.06544455E+001
  0.7395     1.07027177E+001
  0.7405     1.07511436E+001
  0.7415     1.08000246E+001
  0.7425     1.08488260E+001
  0.7435     1.08980331E+001
  0.7445     1.09476732E+001
  0.7455     1.09975205E+001
  0.7465     1.10472203E+001
  0.7475     1.10973688E+001
  0.7485     1.11482092E+001
  0.7495     1.11987564E+001
  0.7505     1.12498787E+001
  0.7515     1.13010764E+001
  0.7525     1.13525262E+001
  0.7535     1.14041046E+001
  0.7545     1.14564590E+001
  0.7555     1.15085625E+001
  0.7565     1.15609052E+001
  0.7575     1.16139214E+001
  0.7585     1.16670265E+001
  0.7595     1.17204537E+001
  0.7605     1.17742456E+001
  0.7615     1.18281415E+001
  0.7625     1.18822341E+001
  0.7635     1.19366282E+001
  0.7645     1.19917205E+001
  0.7655     1.20470398E+001
  0.7665     1.21023603E+001
  0.7675     1.21573496E+001
  0.7685     1.22133674E+001
  0.7695     1.22697287E+001
  0.7705     1.23263794E+001
  0.7715     1.23831433E+001
  0.7725     1.24405903E+001
  0.7735     1.24986232E+001
  0.7745     1.25567119E+001
  0.7755     1.26143243E+001
  0.7765     1.26730794E+001
  0.7775     1.27322578E+001
  0.7785     1.27910453E+001
  0.7795     1.28509522E+001
  0.7805     1.29105920E+001
  0.7815     1.29708723E+001
  0.7825     1.30303241E+001
  0.7835     1.30912226E+001
  0.7845     1.31521095E+001
  0.7855     1.32131517E+001
  0.7865     1.32753228E+001
  0.7875     1.33368480E+001
  0.7885     1.33994917E+001
  0.7895     1.34615589E+001
  0.7905     1.35243514E+001
  0.7915     1.35881492E+001
  0.7925     1.36515314E+001
  0.7935     1.37155377E+001
  0.7945     1.37806460E+001
  0.7955     1.38449868E+001
  0.7965     1.39109081E+001
  0.7975     1.39759441E+001
  0.7985     1.40421391E+001
  0.7995     1.41086077E+001
  0.8005     1.41755312E+001
  0.8015     1.42427054E+001
  0.8025     1.43096396E+001
  0.8035     1.43774937E+001
  0.8045     1.44463443E+001
  0.8055     1.45146473E+001
  0.8065     1.45837622E+001
  0.8075     1.46534174E+001
  0.8085     1.47236103E+001
  0.8095     1.47935515E+001
  0.8105     1.48638530E+001
  0.8115     1.49345823E+001
  0.8125     1.50050281E+001
  0.8135     1.50761577E+001
  0.8145     1.51505011E+001
  0.8155     1.52214916E+001
  0.8165     1.52955693E+001
  0.8175     1.53703273E+001
  0.8185     1.54436743E+001
  0.8195     1.55191870E+001
  0.8205     1.55922489E+001
  0.8215     1.56686833E+001
  0.8225     1.57416624E+001
  0.8235     1.58183150E+001
  0.8245     1.58994379E+001
  0.8255     1.59777643E+001
  0.8265     1.60545468E+001
  0.8275     1.61280948E+001
  0.8285     1.62027986E+001
  0.8295     1.62902178E+001
  0.8305     1.63610318E+001
  0.8315     1.64466060E+001
  0.8325     1.65140222E+001
  0.8335     1.66017543E+001
  0.8345     1.66685819E+001
  0.8355     1.67454684E+001
  0.8365     1.68171058E+001
  0.8375     1.68903865E+001
  0.8385     1.69360846E+001
  0.8395     1.70018173E+001
  0.8405     1.70778764E+001
  0.8415     1.71898493E+001
  0.8425     1.72918368E+001
  0.8435     1.73499521E+001
  0.8445     1.74999342E+001
  0.8455     1.75573286E+001
  0.8465     1.75906017E+001
  0.8475     1.77477784E+001
  0.8485     1.78402880E+001
  0.8495     1.79811074E+001
  0.8505     1.79134632E+001
  0.8515     1.80118659E+001
