 -4.4950                   0
 -4.4850                   0
 -4.4750                   0
 -4.4650                   0
 -4.4550                   0
 -4.4450                   0
 -4.4350                   0
 -4.4250                   0
 -4.4150                   0
 -4.4050                   0
 -4.3950                   0
 -4.3850                   0
 -4.3750                   0
 -4.3650                   0
 -4.3550                   0
 -4.3450                   0
 -4.3350                   0
 -4.3250                   0
 -4.3150                   0
 -4.3050                   0
 -4.2950                   0
 -4.2850                   0
 -4.2750                   0
 -4.2650                   0
 -4.2550                   0
 -4.2450                   0
 -4.2350                   0
 -4.2250                   0
 -4.2150                   0
 -4.2050                   0
 -4.1950                   0
 -4.1850                   0
 -4.1750                   0
 -4.1650                   0
 -4.1550                   0
 -4.1450                   0
 -4.1350                   0
 -4.1250                   0
 -4.1150                   0
 -4.1050                   0
 -4.0950                   0
 -4.0850                   0
 -4.0750                   0
 -4.0650                   0
 -4.0550                   0
 -4.0450                   0
 -4.0350                   0
 -4.0250                   0
 -4.0150                   0
 -4.0050                   0
 -3.9950                   0
 -3.9850                   0
 -3.9750                   0
 -3.9650                   0
 -3.9550                   0
 -3.9450                   0
 -3.9350                   0
 -3.9250                   0
 -3.9150                   0
 -3.9050                   0
 -3.8950                   0
 -3.8850                   0
 -3.8750                   0
 -3.8650                   0
 -3.8550                   0
 -3.8450                   0
 -3.8350                   0
 -3.8250                   0
 -3.8150                   0
 -3.8050                   0
 -3.7950                   0
 -3.7850                   0
 -3.7750                   0
 -3.7650                   0
 -3.7550                   0
 -3.7450                   0
 -3.7350                   0
 -3.7250                   0
 -3.7150                   0
 -3.7050                   0
 -3.6950                   0
 -3.6850                   0
 -3.6750                   0
 -3.6650                   0
 -3.6550                   0
 -3.6450                   0
 -3.6350                   0
 -3.6250                   0
 -3.6150                   0
 -3.6050                   0
 -3.5950                   0
 -3.5850                   0
 -3.5750                   0
 -3.5650                   0
 -3.5550                   0
 -3.5450                   0
 -3.5350                   0
 -3.5250                   0
 -3.5150                   0
 -3.5050                   0
 -3.4950                   0
 -3.4850                   0
 -3.4750                   0
 -3.4650                   0
 -3.4550                   0
 -3.4450                   0
 -3.4350                   0
 -3.4250                   0
 -3.4150                   0
 -3.4050                   0
 -3.3950                   0
 -3.3850                   0
 -3.3750                   0
 -3.3650                   0
 -3.3550                   0
 -3.3450                   0
 -3.3350                   0
 -3.3250                   0
 -3.3150                   0
 -3.3050                   0
 -3.2950                   0
 -3.2850                   0
 -3.2750                   0
 -3.2650                   0
 -3.2550                   0
 -3.2450                   0
 -3.2350                   0
 -3.2250                   0
 -3.2150                   0
 -3.2050                   0
 -3.1950                   0
 -3.1850                   0
 -3.1750                   0
 -3.1650                   0
 -3.1550                   0
 -3.1450                   0
 -3.1350                   0
 -3.1250                   0
 -3.1150                   0
 -3.1050                   0
 -3.0950                   0
 -3.0850                   0
 -3.0750                   0
 -3.0650                   0
 -3.0550                   0
 -3.0450                   0
 -3.0350                   0
 -3.0250                   0
 -3.0150                   0
 -3.0050                   0
 -2.9950                   0
 -2.9850                   0
 -2.9750                   0
 -2.9650                   0
 -2.9550                   0
 -2.9450                   0
 -2.9350                   0
 -2.9250                   0
 -2.9150                   0
 -2.9050                   0
 -2.8950                   0
 -2.8850                   0
 -2.8750                   0
 -2.8650                   0
 -2.8550                   0
 -2.8450                   0
 -2.8350                   0
 -2.8250                   0
 -2.8150                   0
 -2.8050                   0
 -2.7950                   0
 -2.7850                   0
 -2.7750                   0
 -2.7650                   0
 -2.7550                   0
 -2.7450                   0
 -2.7350                   0
 -2.7250                   0
 -2.7150                   0
 -2.7050                   0
 -2.6950                   0
 -2.6850                   0
 -2.6750                   0
 -2.6650                   0
 -2.6550                   0
 -2.6450                   0
 -2.6350                   0
 -2.6250                   0
 -2.6150                   0
 -2.6050                   0
 -2.5950                   0
 -2.5850                   0
 -2.5750                   0
 -2.5650                   0
 -2.5550                   0
 -2.5450                   0
 -2.5350                   0
 -2.5250                   0
 -2.5150                   0
 -2.5050                   0
 -2.4950                   0
 -2.4850                   0
 -2.4750                   0
 -2.4650                   0
 -2.4550                   0
 -2.4450                   0
 -2.4350                   0
 -2.4250                   0
 -2.4150                   0
 -2.4050                   0
 -2.3950                   0
 -2.3850                   0
 -2.3750                   2
 -2.3650                   3
 -2.3550                   4
 -2.3450                   8
 -2.3350                  18
 -2.3250                  16
 -2.3150                  69
 -2.3050                 230
 -2.2950                 461
 -2.2850                1013
 -2.2750                1923
 -2.2650                4097
 -2.2550                7303
 -2.2450               13574
 -2.2350               25015
 -2.2250               46517
 -2.2150               82003
 -2.2050              139754
 -2.1950              236370
 -2.1850              388898
 -2.1750              622439
 -2.1650              978848
 -2.1550             1496037
 -2.1450             2241896
 -2.1350             3287795
 -2.1250             4707706
 -2.1150             6576824
 -2.1050             8978184
 -2.0950            11962032
 -2.0850            15584411
 -2.0750            19790104
 -2.0650            24580096
 -2.0550            29800464
 -2.0450            35299286
 -2.0350            40823383
 -2.0250            46120662
 -2.0150            50914893
 -2.0050            54949751
 -1.9950            57971695
 -1.9850            59725186
 -1.9750            60159403
 -1.9650            59288478
 -1.9550            57047586
 -1.9450            53686890
 -1.9350            49420879
 -1.9250            44428781
 -1.9150            39090782
 -1.9050            33635079
 -1.8950            28331197
 -1.8850            23335989
 -1.8750            18775659
 -1.8650            14788633
 -1.8550            11390728
 -1.8450             8597936
 -1.8350             6344997
 -1.8250             4588128
 -1.8150             3237332
 -1.8050             2249555
 -1.7950             1518375
 -1.7850             1009415
 -1.7750              655192
 -1.7650              415493
 -1.7550              261402
 -1.7450              158657
 -1.7350               95923
 -1.7250               56482
 -1.7150               31978
 -1.7050               18669
 -1.6950               10278
 -1.6850                5278
 -1.6750                2913
 -1.6650                1363
 -1.6550                 704
 -1.6450                 410
 -1.6350                 258
 -1.6250                 123
 -1.6150                  65
 -1.6050                  16
 -1.5950                   4
 -1.5850                   0
 -1.5750                   0
 -1.5650                   0
 -1.5550                   0
 -1.5450                   0
 -1.5350                   0
 -1.5250                   0
 -1.5150                   0
 -1.5050                   0
 -1.4950                   0
 -1.4850                   0
 -1.4750                   0
 -1.4650                   0
 -1.4550                   0
 -1.4450                   0
 -1.4350                   0
 -1.4250                   0
 -1.4150                   0
 -1.4050                   0
 -1.3950                   0
 -1.3850                   0
 -1.3750                   0
 -1.3650                   0
 -1.3550                   0
 -1.3450                   0
 -1.3350                   0
 -1.3250                   0
 -1.3150                   0
 -1.3050                   0
 -1.2950                   0
 -1.2850                   0
 -1.2750                   0
 -1.2650                   0
 -1.2550                   0
 -1.2450                   0
 -1.2350                   0
 -1.2250                   0
 -1.2150                   0
 -1.2050                   0
 -1.1950                   0
 -1.1850                   0
 -1.1750                   0
 -1.1650                   0
 -1.1550                   0
 -1.1450                   0
 -1.1350                   0
 -1.1250                   0
 -1.1150                   0
 -1.1050                   0
 -1.0950                   0
 -1.0850                   0
 -1.0750                   0
 -1.0650                   0
 -1.0550                   0
 -1.0450                   0
 -1.0350                   0
 -1.0250                   0
 -1.0150                   0
 -1.0050                   0
 -0.9950                   0
 -0.9850                   0
 -0.9750                   0
 -0.9650                   0
 -0.9550                   0
 -0.9450                   0
 -0.9350                   0
 -0.9250                   0
 -0.9150                   0
 -0.9050                   0
 -0.8950                   0
 -0.8850                   0
 -0.8750                   0
 -0.8650                   0
 -0.8550                   0
 -0.8450                   0
 -0.8350                   0
 -0.8250                   0
 -0.8150                   0
 -0.8050                   0
 -0.7950                   0
 -0.7850                   0
 -0.7750                   0
 -0.7650                   0
 -0.7550                   0
 -0.7450                   0
 -0.7350                   0
 -0.7250                   0
 -0.7150                   0
 -0.7050                   0
 -0.6950                   0
 -0.6850                   0
 -0.6750                   0
 -0.6650                   0
 -0.6550                   0
 -0.6450                   0
 -0.6350                   0
 -0.6250                   0
 -0.6150                   0
 -0.6050                   0
 -0.5950                   0
 -0.5850                   0
 -0.5750                   0
 -0.5650                   0
 -0.5550                   0
 -0.5450                   0
 -0.5350                   0
 -0.5250                   0
 -0.5150                   0
 -0.5050                   0
 -0.4950                   0
 -0.4850                   0
 -0.4750                   0
 -0.4650                   0
 -0.4550                   0
 -0.4450                   0
 -0.4350                   0
 -0.4250                   0
 -0.4150                   0
 -0.4050                   0
 -0.3950                   0
 -0.3850                   0
 -0.3750                   0
 -0.3650                   0
 -0.3550                   0
 -0.3450                   0
 -0.3350                   0
 -0.3250                   0
 -0.3150                   0
 -0.3050                   0
 -0.2950                   0
 -0.2850                   0
 -0.2750                   0
 -0.2650                   0
 -0.2550                   0
 -0.2450                   0
 -0.2350                   0
 -0.2250                   0
 -0.2150                   0
 -0.2050                   0
 -0.1950                   0
 -0.1850                   0
 -0.1750                   0
 -0.1650                   0
 -0.1550                   0
 -0.1450                   0
 -0.1350                   0
 -0.1250                   0
 -0.1150                   0
 -0.1050                   0
 -0.0950                   0
 -0.0850                   0
 -0.0750                   0
 -0.0650                   0
 -0.0550                   0
 -0.0450                   0
 -0.0350                   0
 -0.0250                   0
 -0.0150                   0
 -0.0050                   0
  0.0050                   0
  0.0150                   0
  0.0250                   0
  0.0350                   0
  0.0450                   0
  0.0550                   0
  0.0650                   0
  0.0750                   0
  0.0850                   0
  0.0950                   0
  0.1050                   0
  0.1150                   0
  0.1250                   0
  0.1350                   0
  0.1450                   0
  0.1550                   0
  0.1650                   0
  0.1750                   0
  0.1850                   0
  0.1950                   0
  0.2050                   0
  0.2150                   0
  0.2250                   0
  0.2350                   0
  0.2450                   0
  0.2550                   0
  0.2650                   0
  0.2750                   0
  0.2850                   0
  0.2950                   0
  0.3050                   0
  0.3150                   0
  0.3250                   0
  0.3350                   0
  0.3450                   0
  0.3550                   0
  0.3650                   0
  0.3750                   0
  0.3850                   0
  0.3950                   0
  0.4050                   0
  0.4150                   0
  0.4250                   0
  0.4350                   0
  0.4450                   0
  0.4550                   0
  0.4650                   0
  0.4750                   0
  0.4850                   0
  0.4950                   0
  0.5050                   0
  0.5150                   0
  0.5250                   0
  0.5350                   0
  0.5450                   0
  0.5550                   0
  0.5650                   0
  0.5750                   0
  0.5850                   0
  0.5950                   0
  0.6050                   0
  0.6150                   0
  0.6250                   0
  0.6350                   0
  0.6450                   0
  0.6550                   0
  0.6650                   0
  0.6750                   0
  0.6850                   0
  0.6950                   0
  0.7050                   0
  0.7150                   0
  0.7250                   0
  0.7350                   0
  0.7450                   0
  0.7550                   0
  0.7650                   0
  0.7750                   0
  0.7850                   0
  0.7950                   0
  0.8050                   0
  0.8150                   0
  0.8250                   0
  0.8350                   0
  0.8450                   0
  0.8550                   0
  0.8650                   0
  0.8750                   0
  0.8850                   0
  0.8950                   0
  0.9050                   0
  0.9150                   0
  0.9250                   0
  0.9350                   0
  0.9450                   0
  0.9550                   0
  0.9650                   0
  0.9750                   0
  0.9850                   0
  0.9950                   0
  1.0050                   0
  1.0150                   0
  1.0250                   0
  1.0350                   0
  1.0450                   0
  1.0550                   0
  1.0650                   0
  1.0750                   0
  1.0850                   0
  1.0950                   0
  1.1050                   0
  1.1150                   0
  1.1250                   0
  1.1350                   0
  1.1450                   0
  1.1550                   0
  1.1650                   0
  1.1750                   0
  1.1850                   0
  1.1950                   0
  1.2050                   0
  1.2150                   0
  1.2250                   0
  1.2350                   0
  1.2450                   0
  1.2550                   0
  1.2650                   0
  1.2750                   0
  1.2850                   0
  1.2950                   0
  1.3050                   0
  1.3150                   0
  1.3250                   0
  1.3350                   0
  1.3450                   0
  1.3550                   0
  1.3650                   0
  1.3750                   0
  1.3850                   0
  1.3950                   0
  1.4050                   0
  1.4150                   0
  1.4250                   0
  1.4350                   0
  1.4450                   0
  1.4550                   0
  1.4650                   0
  1.4750                   0
  1.4850                   0
  1.4950                   0
  1.5050                   0
  1.5150                   0
  1.5250                   0
  1.5350                   0
  1.5450                   0
  1.5550                   0
  1.5650                   0
  1.5750                   0
  1.5850                   0
  1.5950                   0
  1.6050                   0
  1.6150                   0
  1.6250                   0
  1.6350                   0
  1.6450                   0
  1.6550                   0
  1.6650                   0
  1.6750                   0
  1.6850                   0
  1.6950                   0
  1.7050                   0
  1.7150                   0
  1.7250                   0
  1.7350                   0
  1.7450                   0
  1.7550                   0
  1.7650                   0
  1.7750                   0
  1.7850                   0
  1.7950                   0
  1.8050                   0
  1.8150                   0
  1.8250                   0
  1.8350                   0
  1.8450                   0
  1.8550                   0
  1.8650                   0
  1.8750                   0
  1.8850                   0
  1.8950                   0
  1.9050                   0
  1.9150                   0
  1.9250                   0
  1.9350                   0
  1.9450                   0
  1.9550                   0
  1.9650                   0
  1.9750                   0
  1.9850                   0
  1.9950                   0
  2.0050                   0
  2.0150                   0
  2.0250                   0
  2.0350                   0
  2.0450                   0
  2.0550                   0
  2.0650                   0
  2.0750                   0
  2.0850                   0
  2.0950                   0
  2.1050                   0
  2.1150                   0
  2.1250                   0
  2.1350                   0
  2.1450                   0
  2.1550                   0
  2.1650                   0
  2.1750                   0
  2.1850                   0
  2.1950                   0
  2.2050                   0
  2.2150                   0
  2.2250                   0
  2.2350                   0
  2.2450                   0
  2.2550                   0
  2.2650                   0
  2.2750                   0
  2.2850                   0
  2.2950                   0
  2.3050                   0
  2.3150                   0
  2.3250                   0
  2.3350                   0
  2.3450                   0
  2.3550                   0
  2.3650                   0
  2.3750                   0
  2.3850                   0
  2.3950                   0
  2.4050                   0
  2.4150                   0
  2.4250                   0
  2.4350                   0
  2.4450                   0
  2.4550                   0
  2.4650                   0
  2.4750                   0
  2.4850                   0
  2.4950                   0
  2.5050                   0
  2.5150                   0
  2.5250                   0
  2.5350                   0
  2.5450                   0
  2.5550                   0
  2.5650                   0
  2.5750                   0
  2.5850                   0
  2.5950                   0
  2.6050                   0
  2.6150                   0
  2.6250                   0
  2.6350                   0
  2.6450                   0
  2.6550                   0
  2.6650                   0
  2.6750                   0
  2.6850                   0
  2.6950                   0
  2.7050                   0
  2.7150                   0
  2.7250                   0
  2.7350                   0
  2.7450                   0
  2.7550                   0
  2.7650                   0
  2.7750                   0
  2.7850                   0
  2.7950                   0
  2.8050                   0
  2.8150                   0
  2.8250                   0
  2.8350                   0
  2.8450                   0
  2.8550                   0
  2.8650                   0
  2.8750                   0
  2.8850                   0
  2.8950                   0
  2.9050                   0
  2.9150                   0
  2.9250                   0
  2.9350                   0
  2.9450                   0
  2.9550                   0
  2.9650                   0
  2.9750                   0
  2.9850                   0
  2.9950                   0
  3.0050                   0
  3.0150                   0
  3.0250                   0
  3.0350                   0
  3.0450                   0
  3.0550                   0
  3.0650                   0
  3.0750                   0
  3.0850                   0
  3.0950                   0
  3.1050                   0
  3.1150                   0
  3.1250                   0
  3.1350                   0
  3.1450                   0
  3.1550                   0
  3.1650                   0
  3.1750                   0
  3.1850                   0
  3.1950                   0
  3.2050                   0
  3.2150                   0
  3.2250                   0
  3.2350                   0
  3.2450                   0
  3.2550                   0
  3.2650                   0
  3.2750                   0
  3.2850                   0
  3.2950                   0
  3.3050                   0
  3.3150                   0
  3.3250                   0
  3.3350                   0
  3.3450                   0
  3.3550                   0
  3.3650                   0
  3.3750                   0
  3.3850                   0
  3.3950                   0
  3.4050                   0
  3.4150                   0
  3.4250                   0
  3.4350                   0
  3.4450                   0
  3.4550                   0
  3.4650                   0
  3.4750                   0
  3.4850                   0
  3.4950                   0
  3.5050                   0
  3.5150                   0
  3.5250                   0
  3.5350                   0
  3.5450                   0
  3.5550                   0
  3.5650                   0
  3.5750                   0
  3.5850                   0
  3.5950                   0
  3.6050                   0
  3.6150                   0
  3.6250                   0
  3.6350                   0
  3.6450                   0
  3.6550                   0
  3.6650                   0
  3.6750                   0
  3.6850                   0
  3.6950                   0
  3.7050                   0
  3.7150                   0
  3.7250                   0
  3.7350                   0
  3.7450                   0
  3.7550                   0
  3.7650                   0
  3.7750                   0
  3.7850                   0
  3.7950                   0
  3.8050                   0
  3.8150                   0
  3.8250                   0
  3.8350                   0
  3.8450                   0
  3.8550                   0
  3.8650                   0
  3.8750                   0
  3.8850                   0
  3.8950                   0
  3.9050                   0
  3.9150                   0
  3.9250                   0
  3.9350                   0
  3.9450                   0
  3.9550                   0
  3.9650                   0
  3.9750                   0
  3.9850                   0
  3.9950                   0
  4.0050                   0
  4.0150                   0
  4.0250                   0
  4.0350                   0
  4.0450                   0
  4.0550                   0
  4.0650                   0
  4.0750                   0
  4.0850                   0
  4.0950                   0
  4.1050                   0
  4.1150                   0
  4.1250                   0
  4.1350                   0
  4.1450                   0
  4.1550                   0
  4.1650                   0
  4.1750                   0
  4.1850                   0
  4.1950                   0
  4.2050                   0
  4.2150                   0
  4.2250                   0
  4.2350                   0
  4.2450                   0
  4.2550                   0
  4.2650                   0
  4.2750                   0
  4.2850                   0
  4.2950                   0
  4.3050                   0
  4.3150                   0
  4.3250                   0
  4.3350                   0
  4.3450                   0
  4.3550                   0
  4.3650                   0
  4.3750                   0
  4.3850                   0
  4.3950                   0
  4.4050                   0
  4.4150                   0
  4.4250                   0
  4.4350                   0
  4.4450                   0
  4.4550                   0
  4.4650                   0
  4.4750                   0
  4.4850                   0
  4.4950                   0
  4.5050                   0
