 -4.4950                   0
 -4.4850                   0
 -4.4750                   0
 -4.4650                   0
 -4.4550                   0
 -4.4450                   0
 -4.4350                   0
 -4.4250                   0
 -4.4150                   0
 -4.4050                   0
 -4.3950                   0
 -4.3850                   0
 -4.3750                   0
 -4.3650                   0
 -4.3550                   0
 -4.3450                   0
 -4.3350                   0
 -4.3250                   0
 -4.3150                   0
 -4.3050                   0
 -4.2950                   0
 -4.2850                   0
 -4.2750                   0
 -4.2650                   0
 -4.2550                   0
 -4.2450                   0
 -4.2350                   0
 -4.2250                   0
 -4.2150                   0
 -4.2050                   0
 -4.1950                   0
 -4.1850                   0
 -4.1750                   0
 -4.1650                   0
 -4.1550                   0
 -4.1450                   0
 -4.1350                   0
 -4.1250                   0
 -4.1150                   0
 -4.1050                   0
 -4.0950                   0
 -4.0850                   0
 -4.0750                   0
 -4.0650                   0
 -4.0550                   0
 -4.0450                   0
 -4.0350                   0
 -4.0250                   0
 -4.0150                   0
 -4.0050                   0
 -3.9950                   0
 -3.9850                   0
 -3.9750                   0
 -3.9650                   0
 -3.9550                   0
 -3.9450                   0
 -3.9350                   0
 -3.9250                   0
 -3.9150                   0
 -3.9050                   0
 -3.8950                   0
 -3.8850                   0
 -3.8750                   0
 -3.8650                   0
 -3.8550                   0
 -3.8450                   0
 -3.8350                   0
 -3.8250                   0
 -3.8150                   0
 -3.8050                   0
 -3.7950                   0
 -3.7850                   0
 -3.7750                   0
 -3.7650                   0
 -3.7550                   0
 -3.7450                   0
 -3.7350                   0
 -3.7250                   0
 -3.7150                   0
 -3.7050                   0
 -3.6950                   0
 -3.6850                   0
 -3.6750                   0
 -3.6650                   0
 -3.6550                   0
 -3.6450                   0
 -3.6350                   0
 -3.6250                   0
 -3.6150                   0
 -3.6050                   0
 -3.5950                   0
 -3.5850                   0
 -3.5750                   0
 -3.5650                   0
 -3.5550                   0
 -3.5450                   0
 -3.5350                   0
 -3.5250                   0
 -3.5150                   0
 -3.5050                   0
 -3.4950                   0
 -3.4850                   0
 -3.4750                   0
 -3.4650                   0
 -3.4550                   0
 -3.4450                   0
 -3.4350                   0
 -3.4250                   0
 -3.4150                   0
 -3.4050                   0
 -3.3950                   0
 -3.3850                   0
 -3.3750                   0
 -3.3650                   0
 -3.3550                   0
 -3.3450                   0
 -3.3350                   0
 -3.3250                   0
 -3.3150                   0
 -3.3050                   0
 -3.2950                   0
 -3.2850                   0
 -3.2750                   0
 -3.2650                   0
 -3.2550                   0
 -3.2450                   0
 -3.2350                   0
 -3.2250                   0
 -3.2150                   0
 -3.2050                   0
 -3.1950                   0
 -3.1850                   0
 -3.1750                   0
 -3.1650                   0
 -3.1550                   0
 -3.1450                   0
 -3.1350                   0
 -3.1250                   0
 -3.1150                   0
 -3.1050                   0
 -3.0950                   0
 -3.0850                   0
 -3.0750                   0
 -3.0650                   0
 -3.0550                   0
 -3.0450                   0
 -3.0350                   0
 -3.0250                   0
 -3.0150                   0
 -3.0050                   0
 -2.9950                   0
 -2.9850                   0
 -2.9750                   0
 -2.9650                   0
 -2.9550                   0
 -2.9450                   0
 -2.9350                   0
 -2.9250                   0
 -2.9150                   0
 -2.9050                   0
 -2.8950                   0
 -2.8850                   0
 -2.8750                   0
 -2.8650                   0
 -2.8550                   0
 -2.8450                   0
 -2.8350                   0
 -2.8250                   0
 -2.8150                   0
 -2.8050                   0
 -2.7950                   0
 -2.7850                   0
 -2.7750                   0
 -2.7650                   0
 -2.7550                   0
 -2.7450                   0
 -2.7350                   0
 -2.7250                   0
 -2.7150                   0
 -2.7050                   0
 -2.6950                   0
 -2.6850                   0
 -2.6750                   0
 -2.6650                   0
 -2.6550                   0
 -2.6450                   0
 -2.6350                   0
 -2.6250                   0
 -2.6150                   0
 -2.6050                   0
 -2.5950                   0
 -2.5850                   0
 -2.5750                   0
 -2.5650                   0
 -2.5550                   0
 -2.5450                   0
 -2.5350                   0
 -2.5250                   0
 -2.5150                   0
 -2.5050                   0
 -2.4950                   0
 -2.4850                   0
 -2.4750                   0
 -2.4650                   0
 -2.4550                   0
 -2.4450                   0
 -2.4350                   0
 -2.4250                   0
 -2.4150                   0
 -2.4050                   0
 -2.3950                   0
 -2.3850                   0
 -2.3750                   0
 -2.3650                   0
 -2.3550                   0
 -2.3450                   0
 -2.3350                   0
 -2.3250                   0
 -2.3150                   0
 -2.3050                   0
 -2.2950                   0
 -2.2850                   0
 -2.2750                   0
 -2.2650                   0
 -2.2550                   0
 -2.2450                   0
 -2.2350                   0
 -2.2250                   0
 -2.2150                   0
 -2.2050                   0
 -2.1950                   0
 -2.1850                   0
 -2.1750                   0
 -2.1650                   0
 -2.1550                   0
 -2.1450                   0
 -2.1350                   0
 -2.1250                   0
 -2.1150                   0
 -2.1050                   0
 -2.0950                   0
 -2.0850                   0
 -2.0750                   0
 -2.0650                   0
 -2.0550                   0
 -2.0450                   0
 -2.0350                   0
 -2.0250                   0
 -2.0150                   0
 -2.0050                   0
 -1.9950                   0
 -1.9850                   0
 -1.9750                   0
 -1.9650                   0
 -1.9550                   0
 -1.9450                   0
 -1.9350                   0
 -1.9250                   0
 -1.9150                   0
 -1.9050                   0
 -1.8950                   0
 -1.8850                   0
 -1.8750                   0
 -1.8650                   0
 -1.8550                   0
 -1.8450                   0
 -1.8350                   0
 -1.8250                   0
 -1.8150                   0
 -1.8050                   0
 -1.7950                   0
 -1.7850                   0
 -1.7750                   0
 -1.7650                   0
 -1.7550                   0
 -1.7450                   0
 -1.7350                   0
 -1.7250                   0
 -1.7150                   0
 -1.7050                   0
 -1.6950                   0
 -1.6850                   0
 -1.6750                   0
 -1.6650                   0
 -1.6550                   0
 -1.6450                   0
 -1.6350                   0
 -1.6250                   0
 -1.6150                   0
 -1.6050                   0
 -1.5950                   0
 -1.5850                   0
 -1.5750                   0
 -1.5650                   0
 -1.5550                   0
 -1.5450                   0
 -1.5350                   0
 -1.5250                   0
 -1.5150                   0
 -1.5050                   0
 -1.4950                   0
 -1.4850                   0
 -1.4750                   0
 -1.4650                   0
 -1.4550                   0
 -1.4450                   0
 -1.4350                   0
 -1.4250                   0
 -1.4150                   0
 -1.4050                   0
 -1.3950                   0
 -1.3850                   0
 -1.3750                   0
 -1.3650                   0
 -1.3550                   0
 -1.3450                   0
 -1.3350                   0
 -1.3250                   0
 -1.3150                   0
 -1.3050                   0
 -1.2950                   0
 -1.2850                   0
 -1.2750                   0
 -1.2650                   0
 -1.2550                   0
 -1.2450                   0
 -1.2350                   0
 -1.2250                   0
 -1.2150                   0
 -1.2050                   0
 -1.1950                   0
 -1.1850                   0
 -1.1750                   0
 -1.1650                   0
 -1.1550                   0
 -1.1450                   0
 -1.1350                   0
 -1.1250                   0
 -1.1150                   0
 -1.1050                   0
 -1.0950                   0
 -1.0850                   0
 -1.0750                   0
 -1.0650                   0
 -1.0550                   0
 -1.0450                   0
 -1.0350                   0
 -1.0250                   0
 -1.0150                   0
 -1.0050                   0
 -0.9950                   0
 -0.9850                   0
 -0.9750                   0
 -0.9650                   0
 -0.9550                   0
 -0.9450                   0
 -0.9350                   0
 -0.9250                   0
 -0.9150                   0
 -0.9050                   0
 -0.8950                   0
 -0.8850                   0
 -0.8750                   0
 -0.8650                   0
 -0.8550                   0
 -0.8450                   0
 -0.8350                   0
 -0.8250                   0
 -0.8150                   0
 -0.8050                   0
 -0.7950                   0
 -0.7850                   0
 -0.7750                   0
 -0.7650                   0
 -0.7550                   0
 -0.7450                   0
 -0.7350                   0
 -0.7250                   0
 -0.7150                   0
 -0.7050                   0
 -0.6950                   0
 -0.6850                   0
 -0.6750                   0
 -0.6650                   0
 -0.6550                   0
 -0.6450                   0
 -0.6350                   0
 -0.6250                   0
 -0.6150                   0
 -0.6050                   0
 -0.5950                   0
 -0.5850                   0
 -0.5750                   0
 -0.5650                   0
 -0.5550                   0
 -0.5450                   0
 -0.5350                   0
 -0.5250                   0
 -0.5150                   0
 -0.5050                   0
 -0.4950                   0
 -0.4850                   0
 -0.4750                   0
 -0.4650                   0
 -0.4550                   0
 -0.4450                   0
 -0.4350                   0
 -0.4250                   0
 -0.4150                   0
 -0.4050                   0
 -0.3950                   0
 -0.3850                   0
 -0.3750                   0
 -0.3650                   0
 -0.3550                   0
 -0.3450                   0
 -0.3350                   0
 -0.3250                   0
 -0.3150                   0
 -0.3050                   0
 -0.2950                   0
 -0.2850                   0
 -0.2750                   0
 -0.2650                   0
 -0.2550                   0
 -0.2450                   0
 -0.2350                   0
 -0.2250                   0
 -0.2150                   0
 -0.2050                   0
 -0.1950                   0
 -0.1850                   0
 -0.1750                   0
 -0.1650                   0
 -0.1550                   0
 -0.1450                   0
 -0.1350                   0
 -0.1250                   0
 -0.1150                   0
 -0.1050                   0
 -0.0950                   0
 -0.0850                   0
 -0.0750                   0
 -0.0650                   0
 -0.0550                   0
 -0.0450                   0
 -0.0350                   0
 -0.0250                   0
 -0.0150                   0
 -0.0050                   0
  0.0050                   0
  0.0150                   0
  0.0250                   0
  0.0350                   0
  0.0450                   0
  0.0550                   0
  0.0650                   0
  0.0750                   0
  0.0850                   0
  0.0950                   0
  0.1050                   0
  0.1150                   0
  0.1250                   0
  0.1350                   0
  0.1450                   0
  0.1550                   0
  0.1650                   0
  0.1750                   0
  0.1850                   0
  0.1950                   0
  0.2050                   0
  0.2150                   0
  0.2250                   0
  0.2350                   0
  0.2450                   0
  0.2550                   0
  0.2650                   0
  0.2750                   0
  0.2850                   0
  0.2950                   0
  0.3050                   0
  0.3150                  20
  0.3250                  80
  0.3350                  54
  0.3450                  28
  0.3550                  40
  0.3650                  69
  0.3750                  75
  0.3850                 101
  0.3950                 224
  0.4050                 603
  0.4150                1016
  0.4250                1408
  0.4350                2706
  0.4450                5523
  0.4550               10651
  0.4650               19290
  0.4750               33569
  0.4850               57021
  0.4950               95472
  0.5050              160232
  0.5150              257098
  0.5250              402925
  0.5350              620158
  0.5450              933354
  0.5550             1374654
  0.5650             2007484
  0.5750             2864113
  0.5850             3991816
  0.5950             5467317
  0.6050             7318739
  0.6150             9629421
  0.6250            12412583
  0.6350            15676139
  0.6450            19448939
  0.6550            23641177
  0.6650            28191139
  0.6750            32966793
  0.6850            37794735
  0.6950            42464634
  0.7050            46751635
  0.7150            50498524
  0.7250            53452451
  0.7350            55483385
  0.7450            56355405
  0.7550            56129637
  0.7650            54812944
  0.7750            52470856
  0.7850            49243795
  0.7950            45305095
  0.8050            40862334
  0.8150            36107050
  0.8250            31313802
  0.8350            26568060
  0.8450            22108704
  0.8550            18009761
  0.8650            14396336
  0.8750            11267813
  0.8850             8659047
  0.8950             6520627
  0.9050             4812953
  0.9150             3493944
  0.9250             2480748
  0.9350             1723916
  0.9450             1176372
  0.9550              787047
  0.9650              514392
  0.9750              332221
  0.9850              207159
  0.9950              126812
  1.0050               75241
  1.0150               43956
  1.0250               25469
  1.0350               14400
  1.0450                7780
  1.0550                4251
  1.0650                2282
  1.0750                1234
  1.0850                 640
  1.0950                 338
  1.1050                 110
  1.1150                  40
  1.1250                  16
  1.1350                  12
  1.1450                   6
  1.1550                   0
  1.1650                   0
  1.1750                   0
  1.1850                   0
  1.1950                   0
  1.2050                   0
  1.2150                   0
  1.2250                   0
  1.2350                   0
  1.2450                   0
  1.2550                   0
  1.2650                   0
  1.2750                   0
  1.2850                   0
  1.2950                   0
  1.3050                   0
  1.3150                   0
  1.3250                   0
  1.3350                   0
  1.3450                   0
  1.3550                   0
  1.3650                   0
  1.3750                   0
  1.3850                   0
  1.3950                   0
  1.4050                   0
  1.4150                   0
  1.4250                   0
  1.4350                   0
  1.4450                   0
  1.4550                   0
  1.4650                   0
  1.4750                   0
  1.4850                   0
  1.4950                   0
  1.5050                   0
  1.5150                   0
  1.5250                   0
  1.5350                   0
  1.5450                   0
  1.5550                   0
  1.5650                   0
  1.5750                   0
  1.5850                   0
  1.5950                   0
  1.6050                   0
  1.6150                   0
  1.6250                   0
  1.6350                   0
  1.6450                   0
  1.6550                   0
  1.6650                   0
  1.6750                   0
  1.6850                   0
  1.6950                   0
  1.7050                   0
  1.7150                   0
  1.7250                   0
  1.7350                   0
  1.7450                   0
  1.7550                   0
  1.7650                   0
  1.7750                   0
  1.7850                   0
  1.7950                   0
  1.8050                   0
  1.8150                   0
  1.8250                   0
  1.8350                   0
  1.8450                   0
  1.8550                   0
  1.8650                   0
  1.8750                   0
  1.8850                   0
  1.8950                   0
  1.9050                   0
  1.9150                   0
  1.9250                   0
  1.9350                   0
  1.9450                   0
  1.9550                   0
  1.9650                   0
  1.9750                   0
  1.9850                   0
  1.9950                   0
  2.0050                   0
  2.0150                   0
  2.0250                   0
  2.0350                   0
  2.0450                   0
  2.0550                   0
  2.0650                   0
  2.0750                   0
  2.0850                   0
  2.0950                   0
  2.1050                   0
  2.1150                   0
  2.1250                   0
  2.1350                   0
  2.1450                   0
  2.1550                   0
  2.1650                   0
  2.1750                   0
  2.1850                   0
  2.1950                   0
  2.2050                   0
  2.2150                   0
  2.2250                   0
  2.2350                   0
  2.2450                   0
  2.2550                   0
  2.2650                   0
  2.2750                   0
  2.2850                   0
  2.2950                   0
  2.3050                   0
  2.3150                   0
  2.3250                   0
  2.3350                   0
  2.3450                   0
  2.3550                   0
  2.3650                   0
  2.3750                   0
  2.3850                   0
  2.3950                   0
  2.4050                   0
  2.4150                   0
  2.4250                   0
  2.4350                   0
  2.4450                   0
  2.4550                   0
  2.4650                   0
  2.4750                   0
  2.4850                   0
  2.4950                   0
  2.5050                   0
  2.5150                   0
  2.5250                   0
  2.5350                   0
  2.5450                   0
  2.5550                   0
  2.5650                   0
  2.5750                   0
  2.5850                   0
  2.5950                   0
  2.6050                   0
  2.6150                   0
  2.6250                   0
  2.6350                   0
  2.6450                   0
  2.6550                   0
  2.6650                   0
  2.6750                   0
  2.6850                   0
  2.6950                   0
  2.7050                   0
  2.7150                   0
  2.7250                   0
  2.7350                   0
  2.7450                   0
  2.7550                   0
  2.7650                   0
  2.7750                   0
  2.7850                   0
  2.7950                   0
  2.8050                   0
  2.8150                   0
  2.8250                   0
  2.8350                   0
  2.8450                   0
  2.8550                   0
  2.8650                   0
  2.8750                   0
  2.8850                   0
  2.8950                   0
  2.9050                   0
  2.9150                   0
  2.9250                   0
  2.9350                   0
  2.9450                   0
  2.9550                   0
  2.9650                   0
  2.9750                   0
  2.9850                   0
  2.9950                   0
  3.0050                   0
  3.0150                   0
  3.0250                   0
  3.0350                   0
  3.0450                   0
  3.0550                   0
  3.0650                   0
  3.0750                   0
  3.0850                   0
  3.0950                   0
  3.1050                   0
  3.1150                   0
  3.1250                   0
  3.1350                   0
  3.1450                   0
  3.1550                   0
  3.1650                   0
  3.1750                   0
  3.1850                   0
  3.1950                   0
  3.2050                   0
  3.2150                   0
  3.2250                   0
  3.2350                   0
  3.2450                   0
  3.2550                   0
  3.2650                   0
  3.2750                   0
  3.2850                   0
  3.2950                   0
  3.3050                   0
  3.3150                   0
  3.3250                   0
  3.3350                   0
  3.3450                   0
  3.3550                   0
  3.3650                   0
  3.3750                   0
  3.3850                   0
  3.3950                   0
  3.4050                   0
  3.4150                   0
  3.4250                   0
  3.4350                   0
  3.4450                   0
  3.4550                   0
  3.4650                   0
  3.4750                   0
  3.4850                   0
  3.4950                   0
  3.5050                   0
  3.5150                   0
  3.5250                   0
  3.5350                   0
  3.5450                   0
  3.5550                   0
  3.5650                   0
  3.5750                   0
  3.5850                   0
  3.5950                   0
  3.6050                   0
  3.6150                   0
  3.6250                   0
  3.6350                   0
  3.6450                   0
  3.6550                   0
  3.6650                   0
  3.6750                   0
  3.6850                   0
  3.6950                   0
  3.7050                   0
  3.7150                   0
  3.7250                   0
  3.7350                   0
  3.7450                   0
  3.7550                   0
  3.7650                   0
  3.7750                   0
  3.7850                   0
  3.7950                   0
  3.8050                   0
  3.8150                   0
  3.8250                   0
  3.8350                   0
  3.8450                   0
  3.8550                   0
  3.8650                   0
  3.8750                   0
  3.8850                   0
  3.8950                   0
  3.9050                   0
  3.9150                   0
  3.9250                   0
  3.9350                   0
  3.9450                   0
  3.9550                   0
  3.9650                   0
  3.9750                   0
  3.9850                   0
  3.9950                   0
  4.0050                   0
  4.0150                   0
  4.0250                   0
  4.0350                   0
  4.0450                   0
  4.0550                   0
  4.0650                   0
  4.0750                   0
  4.0850                   0
  4.0950                   0
  4.1050                   0
  4.1150                   0
  4.1250                   0
  4.1350                   0
  4.1450                   0
  4.1550                   0
  4.1650                   0
  4.1750                   0
  4.1850                   0
  4.1950                   0
  4.2050                   0
  4.2150                   0
  4.2250                   0
  4.2350                   0
  4.2450                   0
  4.2550                   0
  4.2650                   0
  4.2750                   0
  4.2850                   0
  4.2950                   0
  4.3050                   0
  4.3150                   0
  4.3250                   0
  4.3350                   0
  4.3450                   0
  4.3550                   0
  4.3650                   0
  4.3750                   0
  4.3850                   0
  4.3950                   0
  4.4050                   0
  4.4150                   0
  4.4250                   0
  4.4350                   0
  4.4450                   0
  4.4550                   0
  4.4650                   0
  4.4750                   0
  4.4850                   0
  4.4950                   0
  4.5050                   0
