 -4.4950                   0
 -4.4850                   0
 -4.4750                   0
 -4.4650                   0
 -4.4550                   0
 -4.4450                   0
 -4.4350                   0
 -4.4250                   0
 -4.4150                   0
 -4.4050                   0
 -4.3950                   0
 -4.3850                   0
 -4.3750                   0
 -4.3650                   0
 -4.3550                   0
 -4.3450                   0
 -4.3350                   0
 -4.3250                   0
 -4.3150                   0
 -4.3050                   0
 -4.2950                   0
 -4.2850                   0
 -4.2750                   0
 -4.2650                   0
 -4.2550                   0
 -4.2450                   0
 -4.2350                   0
 -4.2250                   0
 -4.2150                   0
 -4.2050                   0
 -4.1950                   0
 -4.1850                   0
 -4.1750                   0
 -4.1650                   0
 -4.1550                   0
 -4.1450                   0
 -4.1350                   0
 -4.1250                   0
 -4.1150                   0
 -4.1050                   0
 -4.0950                   0
 -4.0850                   0
 -4.0750                   0
 -4.0650                   0
 -4.0550                   0
 -4.0450                   0
 -4.0350                   0
 -4.0250                   0
 -4.0150                   0
 -4.0050                   0
 -3.9950                   0
 -3.9850                   0
 -3.9750                   0
 -3.9650                   0
 -3.9550                   0
 -3.9450                   0
 -3.9350                   0
 -3.9250                   0
 -3.9150                   0
 -3.9050                   0
 -3.8950                   0
 -3.8850                   0
 -3.8750                   0
 -3.8650                   0
 -3.8550                   0
 -3.8450                   0
 -3.8350                   0
 -3.8250                   0
 -3.8150                   0
 -3.8050                   0
 -3.7950                   0
 -3.7850                   0
 -3.7750                   0
 -3.7650                   0
 -3.7550                   0
 -3.7450                   0
 -3.7350                   0
 -3.7250                   0
 -3.7150                   0
 -3.7050                   0
 -3.6950                   0
 -3.6850                   0
 -3.6750                   0
 -3.6650                   0
 -3.6550                   0
 -3.6450                   0
 -3.6350                   0
 -3.6250                   0
 -3.6150                   0
 -3.6050                   0
 -3.5950                   0
 -3.5850                   0
 -3.5750                   0
 -3.5650                   0
 -3.5550                   0
 -3.5450                   0
 -3.5350                   0
 -3.5250                   0
 -3.5150                   0
 -3.5050                   0
 -3.4950                   0
 -3.4850                   0
 -3.4750                   0
 -3.4650                   0
 -3.4550                   0
 -3.4450                   0
 -3.4350                   0
 -3.4250                   0
 -3.4150                   0
 -3.4050                   0
 -3.3950                   0
 -3.3850                   0
 -3.3750                   0
 -3.3650                   0
 -3.3550                   0
 -3.3450                   0
 -3.3350                   0
 -3.3250                   0
 -3.3150                   0
 -3.3050                   0
 -3.2950                   0
 -3.2850                   0
 -3.2750                   0
 -3.2650                   0
 -3.2550                   0
 -3.2450                   0
 -3.2350                   0
 -3.2250                   0
 -3.2150                   0
 -3.2050                   0
 -3.1950                   0
 -3.1850                   0
 -3.1750                   0
 -3.1650                   0
 -3.1550                   0
 -3.1450                   0
 -3.1350                   0
 -3.1250                   0
 -3.1150                   0
 -3.1050                   0
 -3.0950                   0
 -3.0850                   0
 -3.0750                   0
 -3.0650                   0
 -3.0550                   0
 -3.0450                   0
 -3.0350                   0
 -3.0250                   0
 -3.0150                   0
 -3.0050                   0
 -2.9950                   0
 -2.9850                   0
 -2.9750                   0
 -2.9650                   0
 -2.9550                   0
 -2.9450                   0
 -2.9350                   0
 -2.9250                   0
 -2.9150                   0
 -2.9050                   0
 -2.8950                   0
 -2.8850                   0
 -2.8750                   0
 -2.8650                   0
 -2.8550                   0
 -2.8450                   0
 -2.8350                   0
 -2.8250                   0
 -2.8150                   0
 -2.8050                   0
 -2.7950                   0
 -2.7850                   0
 -2.7750                   0
 -2.7650                   0
 -2.7550                   0
 -2.7450                   0
 -2.7350                   0
 -2.7250                   0
 -2.7150                   0
 -2.7050                   0
 -2.6950                   0
 -2.6850                   0
 -2.6750                   0
 -2.6650                   0
 -2.6550                   0
 -2.6450                   0
 -2.6350                   0
 -2.6250                   0
 -2.6150                   0
 -2.6050                   0
 -2.5950                   0
 -2.5850                   0
 -2.5750                   0
 -2.5650                   0
 -2.5550                   0
 -2.5450                   0
 -2.5350                   0
 -2.5250                   0
 -2.5150                   0
 -2.5050                   0
 -2.4950                   0
 -2.4850                   0
 -2.4750                   0
 -2.4650                   0
 -2.4550                   0
 -2.4450                   0
 -2.4350                   0
 -2.4250                   0
 -2.4150                   0
 -2.4050                   0
 -2.3950                   0
 -2.3850                   0
 -2.3750                   0
 -2.3650                   0
 -2.3550                   0
 -2.3450                   0
 -2.3350                   0
 -2.3250                   0
 -2.3150                   0
 -2.3050                   0
 -2.2950                   0
 -2.2850                   0
 -2.2750                   0
 -2.2650                   0
 -2.2550                   0
 -2.2450                   0
 -2.2350                   0
 -2.2250                   0
 -2.2150                   0
 -2.2050                   0
 -2.1950                   0
 -2.1850                   0
 -2.1750                   0
 -2.1650                   0
 -2.1550                   0
 -2.1450                   0
 -2.1350                   0
 -2.1250                   0
 -2.1150                   0
 -2.1050                   0
 -2.0950                   0
 -2.0850                   0
 -2.0750                   0
 -2.0650                   0
 -2.0550                   0
 -2.0450                   0
 -2.0350                   0
 -2.0250                   0
 -2.0150                   0
 -2.0050                   0
 -1.9950                   0
 -1.9850                   0
 -1.9750                   0
 -1.9650                   0
 -1.9550                   0
 -1.9450                   0
 -1.9350                   0
 -1.9250                   0
 -1.9150                   0
 -1.9050                   0
 -1.8950                   0
 -1.8850                   0
 -1.8750                   0
 -1.8650                   0
 -1.8550                   0
 -1.8450                   0
 -1.8350                   0
 -1.8250                   0
 -1.8150                   0
 -1.8050                   0
 -1.7950                   0
 -1.7850                   0
 -1.7750                   0
 -1.7650                   0
 -1.7550                   0
 -1.7450                   0
 -1.7350                   0
 -1.7250                   0
 -1.7150                   0
 -1.7050                   0
 -1.6950                   0
 -1.6850                   0
 -1.6750                   0
 -1.6650                   0
 -1.6550                   0
 -1.6450                   0
 -1.6350                   0
 -1.6250                   0
 -1.6150                   0
 -1.6050                   0
 -1.5950                   0
 -1.5850                   0
 -1.5750                   0
 -1.5650                   0
 -1.5550                   0
 -1.5450                   0
 -1.5350                   0
 -1.5250                   0
 -1.5150                   0
 -1.5050                   0
 -1.4950                   0
 -1.4850                   0
 -1.4750                   0
 -1.4650                   0
 -1.4550                   0
 -1.4450                   0
 -1.4350                   0
 -1.4250                   0
 -1.4150                   0
 -1.4050                   0
 -1.3950                   0
 -1.3850                   0
 -1.3750                   0
 -1.3650                   0
 -1.3550                   0
 -1.3450                   0
 -1.3350                   0
 -1.3250                   0
 -1.3150                   0
 -1.3050                   0
 -1.2950                   0
 -1.2850                   0
 -1.2750                   0
 -1.2650                   0
 -1.2550                   0
 -1.2450                   0
 -1.2350                   0
 -1.2250                   0
 -1.2150                   0
 -1.2050                   0
 -1.1950                   0
 -1.1850                   0
 -1.1750                   0
 -1.1650                   0
 -1.1550                   0
 -1.1450                   0
 -1.1350                   0
 -1.1250                   0
 -1.1150                   0
 -1.1050                   0
 -1.0950                   0
 -1.0850                   0
 -1.0750                   0
 -1.0650                   0
 -1.0550                   0
 -1.0450                   0
 -1.0350                   0
 -1.0250                   0
 -1.0150                   0
 -1.0050                   0
 -0.9950                   0
 -0.9850                   0
 -0.9750                   0
 -0.9650                   0
 -0.9550                   0
 -0.9450                   0
 -0.9350                   0
 -0.9250                   0
 -0.9150                   0
 -0.9050                   0
 -0.8950                   0
 -0.8850                   0
 -0.8750                   0
 -0.8650                   0
 -0.8550                   0
 -0.8450                   0
 -0.8350                   0
 -0.8250                   0
 -0.8150                   0
 -0.8050                   0
 -0.7950                   0
 -0.7850                   0
 -0.7750                   0
 -0.7650                   0
 -0.7550                   0
 -0.7450                   0
 -0.7350                   0
 -0.7250                   0
 -0.7150                   0
 -0.7050                   0
 -0.6950                   0
 -0.6850                   0
 -0.6750                   0
 -0.6650                   0
 -0.6550                   0
 -0.6450                   0
 -0.6350                   0
 -0.6250                   0
 -0.6150                   0
 -0.6050                   0
 -0.5950                   0
 -0.5850                   0
 -0.5750                   0
 -0.5650                   0
 -0.5550                   0
 -0.5450                   0
 -0.5350                   0
 -0.5250                   0
 -0.5150                   0
 -0.5050                   0
 -0.4950                   0
 -0.4850                   0
 -0.4750                   0
 -0.4650                   0
 -0.4550                   0
 -0.4450                   0
 -0.4350                   0
 -0.4250                   0
 -0.4150                   0
 -0.4050                   0
 -0.3950                   0
 -0.3850                   0
 -0.3750                   0
 -0.3650                   0
 -0.3550                   0
 -0.3450                   0
 -0.3350                   0
 -0.3250                   0
 -0.3150                   0
 -0.3050                   0
 -0.2950                   0
 -0.2850                   0
 -0.2750                   0
 -0.2650                   0
 -0.2550                   0
 -0.2450                   0
 -0.2350                   0
 -0.2250                   0
 -0.2150                   0
 -0.2050                   0
 -0.1950                   0
 -0.1850                   0
 -0.1750                   0
 -0.1650                   0
 -0.1550                   0
 -0.1450                   0
 -0.1350                   0
 -0.1250                   0
 -0.1150                   0
 -0.1050                   0
 -0.0950                   0
 -0.0850                   0
 -0.0750                   0
 -0.0650                   0
 -0.0550                   0
 -0.0450                   0
 -0.0350                   0
 -0.0250                   0
 -0.0150                   0
 -0.0050                   0
  0.0050                   0
  0.0150                   0
  0.0250                   0
  0.0350                   0
  0.0450                   0
  0.0550                   0
  0.0650                   0
  0.0750                   0
  0.0850                   0
  0.0950                   0
  0.1050                   0
  0.1150                   0
  0.1250                   0
  0.1350                   0
  0.1450                   0
  0.1550                   0
  0.1650                   0
  0.1750                   0
  0.1850                   0
  0.1950                   0
  0.2050                   0
  0.2150                   0
  0.2250                   0
  0.2350                   0
  0.2450                   0
  0.2550                   0
  0.2650                   0
  0.2750                   0
  0.2850                   0
  0.2950                   0
  0.3050                   0
  0.3150                   0
  0.3250                   0
  0.3350                   0
  0.3450                   0
  0.3550                   0
  0.3650                   0
  0.3750                   0
  0.3850                   0
  0.3950                   0
  0.4050                   0
  0.4150                   0
  0.4250                   0
  0.4350                   0
  0.4450                   0
  0.4550                   0
  0.4650                   0
  0.4750                   0
  0.4850                   0
  0.4950                   0
  0.5050                   0
  0.5150                   0
  0.5250                   0
  0.5350                   0
  0.5450                   0
  0.5550                   0
  0.5650                   0
  0.5750                   0
  0.5850                   0
  0.5950                   0
  0.6050                   0
  0.6150                   0
  0.6250                   0
  0.6350                   0
  0.6450                   0
  0.6550                   0
  0.6650                   0
  0.6750                   0
  0.6850                   0
  0.6950                   0
  0.7050                   0
  0.7150                   0
  0.7250                   0
  0.7350                   0
  0.7450                   0
  0.7550                   0
  0.7650                   0
  0.7750                   0
  0.7850                   0
  0.7950                   0
  0.8050                   0
  0.8150                   0
  0.8250                   0
  0.8350                   0
  0.8450                   0
  0.8550                   0
  0.8650                   0
  0.8750                   0
  0.8850                   0
  0.8950                   0
  0.9050                   0
  0.9150                   0
  0.9250                   0
  0.9350                   0
  0.9450                   0
  0.9550                   0
  0.9650                   0
  0.9750                   0
  0.9850                   0
  0.9950                   0
  1.0050                   0
  1.0150                   0
  1.0250                   0
  1.0350                   0
  1.0450                   0
  1.0550                   0
  1.0650                   0
  1.0750                   0
  1.0850                   1
  1.0950                   9
  1.1050                  11
  1.1150                  16
  1.1250                  79
  1.1350                 109
  1.1450                 419
  1.1550                 587
  1.1650                 900
  1.1750                1676
  1.1850                3405
  1.1950                5981
  1.2050               11511
  1.2150               19162
  1.2250               33145
  1.2350               55707
  1.2450               93460
  1.2550              152595
  1.2650              245347
  1.2750              386579
  1.2850              600667
  1.2950              910475
  1.3050             1346812
  1.3150             1974291
  1.3250             2826406
  1.3350             3958515
  1.3450             5403768
  1.3550             7275264
  1.3650             9576869
  1.3750            12376661
  1.3850            15677513
  1.3950            19447570
  1.4050            23659619
  1.4150            28240574
  1.4250            33007045
  1.4350            37870952
  1.4450            42526510
  1.4550            46804062
  1.4650            50506632
  1.4750            53411791
  1.4850            55433068
  1.4950            56370452
  1.5050            56169301
  1.5150            54878735
  1.5250            52562738
  1.5350            49277262
  1.5450            45326755
  1.5550            40880930
  1.5650            36093971
  1.5750            31249812
  1.5850            26535986
  1.5950            22101557
  1.6050            18049040
  1.6150            14432564
  1.6250            11279173
  1.6350             8660308
  1.6450             6522218
  1.6550             4816819
  1.6650             3487297
  1.6750             2470317
  1.6850             1710065
  1.6950             1164101
  1.7050              778183
  1.7150              508958
  1.7250              323796
  1.7350              203697
  1.7450              124386
  1.7550               74624
  1.7650               44635
  1.7750               25057
  1.7850               14425
  1.7950                8087
  1.8050                4408
  1.8150                2361
  1.8250                1132
  1.8350                 535
  1.8450                 287
  1.8550                 166
  1.8650                  59
  1.8750                  27
  1.8850                  13
  1.8950                   0
  1.9050                   0
  1.9150                   0
  1.9250                   0
  1.9350                   0
  1.9450                   0
  1.9550                   0
  1.9650                   0
  1.9750                   0
  1.9850                   0
  1.9950                   0
  2.0050                   0
  2.0150                   0
  2.0250                   0
  2.0350                   0
  2.0450                   0
  2.0550                   0
  2.0650                   0
  2.0750                   0
  2.0850                   0
  2.0950                   0
  2.1050                   0
  2.1150                   0
  2.1250                   0
  2.1350                   0
  2.1450                   0
  2.1550                   0
  2.1650                   0
  2.1750                   0
  2.1850                   0
  2.1950                   0
  2.2050                   0
  2.2150                   0
  2.2250                   0
  2.2350                   0
  2.2450                   0
  2.2550                   0
  2.2650                   0
  2.2750                   0
  2.2850                   0
  2.2950                   0
  2.3050                   0
  2.3150                   0
  2.3250                   0
  2.3350                   0
  2.3450                   0
  2.3550                   0
  2.3650                   0
  2.3750                   0
  2.3850                   0
  2.3950                   0
  2.4050                   0
  2.4150                   0
  2.4250                   0
  2.4350                   0
  2.4450                   0
  2.4550                   0
  2.4650                   0
  2.4750                   0
  2.4850                   0
  2.4950                   0
  2.5050                   0
  2.5150                   0
  2.5250                   0
  2.5350                   0
  2.5450                   0
  2.5550                   0
  2.5650                   0
  2.5750                   0
  2.5850                   0
  2.5950                   0
  2.6050                   0
  2.6150                   0
  2.6250                   0
  2.6350                   0
  2.6450                   0
  2.6550                   0
  2.6650                   0
  2.6750                   0
  2.6850                   0
  2.6950                   0
  2.7050                   0
  2.7150                   0
  2.7250                   0
  2.7350                   0
  2.7450                   0
  2.7550                   0
  2.7650                   0
  2.7750                   0
  2.7850                   0
  2.7950                   0
  2.8050                   0
  2.8150                   0
  2.8250                   0
  2.8350                   0
  2.8450                   0
  2.8550                   0
  2.8650                   0
  2.8750                   0
  2.8850                   0
  2.8950                   0
  2.9050                   0
  2.9150                   0
  2.9250                   0
  2.9350                   0
  2.9450                   0
  2.9550                   0
  2.9650                   0
  2.9750                   0
  2.9850                   0
  2.9950                   0
  3.0050                   0
  3.0150                   0
  3.0250                   0
  3.0350                   0
  3.0450                   0
  3.0550                   0
  3.0650                   0
  3.0750                   0
  3.0850                   0
  3.0950                   0
  3.1050                   0
  3.1150                   0
  3.1250                   0
  3.1350                   0
  3.1450                   0
  3.1550                   0
  3.1650                   0
  3.1750                   0
  3.1850                   0
  3.1950                   0
  3.2050                   0
  3.2150                   0
  3.2250                   0
  3.2350                   0
  3.2450                   0
  3.2550                   0
  3.2650                   0
  3.2750                   0
  3.2850                   0
  3.2950                   0
  3.3050                   0
  3.3150                   0
  3.3250                   0
  3.3350                   0
  3.3450                   0
  3.3550                   0
  3.3650                   0
  3.3750                   0
  3.3850                   0
  3.3950                   0
  3.4050                   0
  3.4150                   0
  3.4250                   0
  3.4350                   0
  3.4450                   0
  3.4550                   0
  3.4650                   0
  3.4750                   0
  3.4850                   0
  3.4950                   0
  3.5050                   0
  3.5150                   0
  3.5250                   0
  3.5350                   0
  3.5450                   0
  3.5550                   0
  3.5650                   0
  3.5750                   0
  3.5850                   0
  3.5950                   0
  3.6050                   0
  3.6150                   0
  3.6250                   0
  3.6350                   0
  3.6450                   0
  3.6550                   0
  3.6650                   0
  3.6750                   0
  3.6850                   0
  3.6950                   0
  3.7050                   0
  3.7150                   0
  3.7250                   0
  3.7350                   0
  3.7450                   0
  3.7550                   0
  3.7650                   0
  3.7750                   0
  3.7850                   0
  3.7950                   0
  3.8050                   0
  3.8150                   0
  3.8250                   0
  3.8350                   0
  3.8450                   0
  3.8550                   0
  3.8650                   0
  3.8750                   0
  3.8850                   0
  3.8950                   0
  3.9050                   0
  3.9150                   0
  3.9250                   0
  3.9350                   0
  3.9450                   0
  3.9550                   0
  3.9650                   0
  3.9750                   0
  3.9850                   0
  3.9950                   0
  4.0050                   0
  4.0150                   0
  4.0250                   0
  4.0350                   0
  4.0450                   0
  4.0550                   0
  4.0650                   0
  4.0750                   0
  4.0850                   0
  4.0950                   0
  4.1050                   0
  4.1150                   0
  4.1250                   0
  4.1350                   0
  4.1450                   0
  4.1550                   0
  4.1650                   0
  4.1750                   0
  4.1850                   0
  4.1950                   0
  4.2050                   0
  4.2150                   0
  4.2250                   0
  4.2350                   0
  4.2450                   0
  4.2550                   0
  4.2650                   0
  4.2750                   0
  4.2850                   0
  4.2950                   0
  4.3050                   0
  4.3150                   0
  4.3250                   0
  4.3350                   0
  4.3450                   0
  4.3550                   0
  4.3650                   0
  4.3750                   0
  4.3850                   0
  4.3950                   0
  4.4050                   0
  4.4150                   0
  4.4250                   0
  4.4350                   0
  4.4450                   0
  4.4550                   0
  4.4650                   0
  4.4750                   0
  4.4850                   0
  4.4950                   0
  4.5050                   0
