 -4.4950                   0
 -4.4850                   0
 -4.4750                   0
 -4.4650                   0
 -4.4550                   0
 -4.4450                   0
 -4.4350                   0
 -4.4250                   0
 -4.4150                   0
 -4.4050                   0
 -4.3950                   0
 -4.3850                   0
 -4.3750                   0
 -4.3650                   0
 -4.3550                   0
 -4.3450                   0
 -4.3350                   0
 -4.3250                   0
 -4.3150                   0
 -4.3050                   0
 -4.2950                   0
 -4.2850                   0
 -4.2750                   0
 -4.2650                   0
 -4.2550                   0
 -4.2450                   0
 -4.2350                   0
 -4.2250                   0
 -4.2150                   0
 -4.2050                   0
 -4.1950                   0
 -4.1850                   0
 -4.1750                   0
 -4.1650                   0
 -4.1550                   0
 -4.1450                   0
 -4.1350                   0
 -4.1250                   0
 -4.1150                   0
 -4.1050                   0
 -4.0950                   0
 -4.0850                   0
 -4.0750                   0
 -4.0650                   0
 -4.0550                   0
 -4.0450                   0
 -4.0350                   0
 -4.0250                   0
 -4.0150                   0
 -4.0050                   0
 -3.9950                   0
 -3.9850                   0
 -3.9750                   0
 -3.9650                   0
 -3.9550                   0
 -3.9450                   0
 -3.9350                   0
 -3.9250                   0
 -3.9150                   0
 -3.9050                   0
 -3.8950                   0
 -3.8850                   0
 -3.8750                   0
 -3.8650                   0
 -3.8550                   0
 -3.8450                   0
 -3.8350                   0
 -3.8250                   0
 -3.8150                   0
 -3.8050                   0
 -3.7950                   0
 -3.7850                   0
 -3.7750                   0
 -3.7650                   0
 -3.7550                   0
 -3.7450                   0
 -3.7350                   0
 -3.7250                   0
 -3.7150                   0
 -3.7050                   0
 -3.6950                   0
 -3.6850                   0
 -3.6750                   0
 -3.6650                   0
 -3.6550                   0
 -3.6450                   0
 -3.6350                   0
 -3.6250                   0
 -3.6150                   0
 -3.6050                   0
 -3.5950                   0
 -3.5850                   0
 -3.5750                   0
 -3.5650                   0
 -3.5550                   0
 -3.5450                   0
 -3.5350                   0
 -3.5250                   0
 -3.5150                   0
 -3.5050                   0
 -3.4950                   0
 -3.4850                   0
 -3.4750                   0
 -3.4650                   0
 -3.4550                   0
 -3.4450                   0
 -3.4350                   0
 -3.4250                   0
 -3.4150                   0
 -3.4050                   0
 -3.3950                   0
 -3.3850                   0
 -3.3750                   0
 -3.3650                   0
 -3.3550                   0
 -3.3450                   0
 -3.3350                   0
 -3.3250                   0
 -3.3150                   0
 -3.3050                   0
 -3.2950                   0
 -3.2850                   0
 -3.2750                   0
 -3.2650                   0
 -3.2550                   0
 -3.2450                   0
 -3.2350                   0
 -3.2250                   0
 -3.2150                   0
 -3.2050                   0
 -3.1950                   0
 -3.1850                   0
 -3.1750                   0
 -3.1650                   0
 -3.1550                   0
 -3.1450                   0
 -3.1350                   0
 -3.1250                   0
 -3.1150                   0
 -3.1050                   0
 -3.0950                   0
 -3.0850                   0
 -3.0750                   0
 -3.0650                   0
 -3.0550                   0
 -3.0450                   0
 -3.0350                   0
 -3.0250                   0
 -3.0150                   0
 -3.0050                   0
 -2.9950                   0
 -2.9850                   0
 -2.9750                   0
 -2.9650                   0
 -2.9550                   0
 -2.9450                   0
 -2.9350                   0
 -2.9250                   0
 -2.9150                   0
 -2.9050                   0
 -2.8950                   0
 -2.8850                   0
 -2.8750                   0
 -2.8650                   0
 -2.8550                   0
 -2.8450                   0
 -2.8350                   0
 -2.8250                   0
 -2.8150                   0
 -2.8050                   0
 -2.7950                   0
 -2.7850                   0
 -2.7750                   0
 -2.7650                   0
 -2.7550                   0
 -2.7450                   0
 -2.7350                   0
 -2.7250                   0
 -2.7150                   0
 -2.7050                   0
 -2.6950                   0
 -2.6850                   0
 -2.6750                   0
 -2.6650                   0
 -2.6550                   0
 -2.6450                   0
 -2.6350                   0
 -2.6250                   0
 -2.6150                   0
 -2.6050                   0
 -2.5950                   0
 -2.5850                   0
 -2.5750                   0
 -2.5650                   0
 -2.5550                   0
 -2.5450                   0
 -2.5350                   0
 -2.5250                   0
 -2.5150                   0
 -2.5050                   0
 -2.4950                   0
 -2.4850                   0
 -2.4750                   0
 -2.4650                   0
 -2.4550                   0
 -2.4450                   0
 -2.4350                   0
 -2.4250                   0
 -2.4150                   0
 -2.4050                   0
 -2.3950                   0
 -2.3850                   0
 -2.3750                   0
 -2.3650                   0
 -2.3550                   0
 -2.3450                   0
 -2.3350                   0
 -2.3250                   0
 -2.3150                   0
 -2.3050                   0
 -2.2950                   0
 -2.2850                   0
 -2.2750                   0
 -2.2650                   0
 -2.2550                   0
 -2.2450                   0
 -2.2350                   0
 -2.2250                   0
 -2.2150                   0
 -2.2050                   0
 -2.1950                   0
 -2.1850                   0
 -2.1750                   0
 -2.1650                   0
 -2.1550                   0
 -2.1450                   0
 -2.1350                   0
 -2.1250                   0
 -2.1150                   0
 -2.1050                   0
 -2.0950                   0
 -2.0850                   0
 -2.0750                   0
 -2.0650                   0
 -2.0550                   0
 -2.0450                   0
 -2.0350                   0
 -2.0250                   0
 -2.0150                   0
 -2.0050                   0
 -1.9950                   0
 -1.9850                   0
 -1.9750                   0
 -1.9650                   0
 -1.9550                   0
 -1.9450                   0
 -1.9350                   0
 -1.9250                   0
 -1.9150                   0
 -1.9050                   0
 -1.8950                  11
 -1.8850                  36
 -1.8750                  42
 -1.8650                 113
 -1.8550                 218
 -1.8450                 374
 -1.8350                 705
 -1.8250                1467
 -1.8150                2578
 -1.8050                5122
 -1.7950                8521
 -1.7850               14887
 -1.7750               25421
 -1.7650               44730
 -1.7550               76152
 -1.7450              126441
 -1.7350              206678
 -1.7250              327459
 -1.7150              509156
 -1.7050              777243
 -1.6950             1172203
 -1.6850             1715528
 -1.6750             2478283
 -1.6650             3484534
 -1.6550             4815652
 -1.6450             6539141
 -1.6350             8693730
 -1.6250            11319846
 -1.6150            14440429
 -1.6050            18055304
 -1.5950            22168483
 -1.5850            26617019
 -1.5750            31344170
 -1.5650            36171307
 -1.5550            40929219
 -1.5450            45362461
 -1.5350            49306401
 -1.5250            52552087
 -1.5150            54869072
 -1.5050            56178261
 -1.4950            56397540
 -1.4850            55455015
 -1.4750            53483832
 -1.4650            50576395
 -1.4550            46812348
 -1.4450            42510058
 -1.4350            37809512
 -1.4250            32991781
 -1.4150            28187735
 -1.4050            23629035
 -1.3950            19387237
 -1.3850            15606535
 -1.3750            12310664
 -1.3650             9514541
 -1.3550             7208227
 -1.3450             5367128
 -1.3350             3897838
 -1.3250             2785213
 -1.3150             1943205
 -1.3050             1328379
 -1.2950              890731
 -1.2850              582273
 -1.2750              381062
 -1.2650              240549
 -1.2550              147669
 -1.2450               89485
 -1.2350               53260
 -1.2250               31272
 -1.2150               18411
 -1.2050               10722
 -1.1950                5862
 -1.1850                2897
 -1.1750                1645
 -1.1650                 832
 -1.1550                 349
 -1.1450                 142
 -1.1350                  84
 -1.1250                  49
 -1.1150                   4
 -1.1050                   0
 -1.0950                   0
 -1.0850                   0
 -1.0750                   0
 -1.0650                   0
 -1.0550                   0
 -1.0450                   0
 -1.0350                   0
 -1.0250                   0
 -1.0150                   0
 -1.0050                   0
 -0.9950                   0
 -0.9850                   0
 -0.9750                   0
 -0.9650                   0
 -0.9550                   0
 -0.9450                   0
 -0.9350                   0
 -0.9250                   0
 -0.9150                   0
 -0.9050                   0
 -0.8950                   0
 -0.8850                   0
 -0.8750                   0
 -0.8650                   0
 -0.8550                   0
 -0.8450                   0
 -0.8350                   0
 -0.8250                   0
 -0.8150                   0
 -0.8050                   0
 -0.7950                   0
 -0.7850                   0
 -0.7750                   0
 -0.7650                   0
 -0.7550                   0
 -0.7450                   0
 -0.7350                   0
 -0.7250                   0
 -0.7150                   0
 -0.7050                   0
 -0.6950                   0
 -0.6850                   0
 -0.6750                   0
 -0.6650                   0
 -0.6550                   0
 -0.6450                   0
 -0.6350                   0
 -0.6250                   0
 -0.6150                   0
 -0.6050                   0
 -0.5950                   0
 -0.5850                   0
 -0.5750                   0
 -0.5650                   0
 -0.5550                   0
 -0.5450                   0
 -0.5350                   0
 -0.5250                   0
 -0.5150                   0
 -0.5050                   0
 -0.4950                   0
 -0.4850                   0
 -0.4750                   0
 -0.4650                   0
 -0.4550                   0
 -0.4450                   0
 -0.4350                   0
 -0.4250                   0
 -0.4150                   0
 -0.4050                   0
 -0.3950                   0
 -0.3850                   0
 -0.3750                   0
 -0.3650                   0
 -0.3550                   0
 -0.3450                   0
 -0.3350                   0
 -0.3250                   0
 -0.3150                   0
 -0.3050                   0
 -0.2950                   0
 -0.2850                   0
 -0.2750                   0
 -0.2650                   0
 -0.2550                   0
 -0.2450                   0
 -0.2350                   0
 -0.2250                   0
 -0.2150                   0
 -0.2050                   0
 -0.1950                   0
 -0.1850                   0
 -0.1750                   0
 -0.1650                   0
 -0.1550                   0
 -0.1450                   0
 -0.1350                   0
 -0.1250                   0
 -0.1150                   0
 -0.1050                   0
 -0.0950                   0
 -0.0850                   0
 -0.0750                   0
 -0.0650                   0
 -0.0550                   0
 -0.0450                   0
 -0.0350                   0
 -0.0250                   0
 -0.0150                   0
 -0.0050                   0
  0.0050                   0
  0.0150                   0
  0.0250                   0
  0.0350                   0
  0.0450                   0
  0.0550                   0
  0.0650                   0
  0.0750                   0
  0.0850                   0
  0.0950                   0
  0.1050                   0
  0.1150                   0
  0.1250                   0
  0.1350                   0
  0.1450                   0
  0.1550                   0
  0.1650                   0
  0.1750                   0
  0.1850                   0
  0.1950                   0
  0.2050                   0
  0.2150                   0
  0.2250                   0
  0.2350                   0
  0.2450                   0
  0.2550                   0
  0.2650                   0
  0.2750                   0
  0.2850                   0
  0.2950                   0
  0.3050                   0
  0.3150                   0
  0.3250                   0
  0.3350                   0
  0.3450                   0
  0.3550                   0
  0.3650                   0
  0.3750                   0
  0.3850                   0
  0.3950                   0
  0.4050                   0
  0.4150                   0
  0.4250                   0
  0.4350                   0
  0.4450                   0
  0.4550                   0
  0.4650                   0
  0.4750                   0
  0.4850                   0
  0.4950                   0
  0.5050                   0
  0.5150                   0
  0.5250                   0
  0.5350                   0
  0.5450                   0
  0.5550                   0
  0.5650                   0
  0.5750                   0
  0.5850                   0
  0.5950                   0
  0.6050                   0
  0.6150                   0
  0.6250                   0
  0.6350                   0
  0.6450                   0
  0.6550                   0
  0.6650                   0
  0.6750                   0
  0.6850                   0
  0.6950                   0
  0.7050                   0
  0.7150                   0
  0.7250                   0
  0.7350                   0
  0.7450                   0
  0.7550                   0
  0.7650                   0
  0.7750                   0
  0.7850                   0
  0.7950                   0
  0.8050                   0
  0.8150                   0
  0.8250                   0
  0.8350                   0
  0.8450                   0
  0.8550                   0
  0.8650                   0
  0.8750                   0
  0.8850                   0
  0.8950                   0
  0.9050                   0
  0.9150                   0
  0.9250                   0
  0.9350                   0
  0.9450                   0
  0.9550                   0
  0.9650                   0
  0.9750                   0
  0.9850                   0
  0.9950                   0
  1.0050                   0
  1.0150                   0
  1.0250                   0
  1.0350                   0
  1.0450                   0
  1.0550                   0
  1.0650                   0
  1.0750                   0
  1.0850                   0
  1.0950                   0
  1.1050                   0
  1.1150                   0
  1.1250                   0
  1.1350                   0
  1.1450                   0
  1.1550                   0
  1.1650                   0
  1.1750                   0
  1.1850                   0
  1.1950                   0
  1.2050                   0
  1.2150                   0
  1.2250                   0
  1.2350                   0
  1.2450                   0
  1.2550                   0
  1.2650                   0
  1.2750                   0
  1.2850                   0
  1.2950                   0
  1.3050                   0
  1.3150                   0
  1.3250                   0
  1.3350                   0
  1.3450                   0
  1.3550                   0
  1.3650                   0
  1.3750                   0
  1.3850                   0
  1.3950                   0
  1.4050                   0
  1.4150                   0
  1.4250                   0
  1.4350                   0
  1.4450                   0
  1.4550                   0
  1.4650                   0
  1.4750                   0
  1.4850                   0
  1.4950                   0
  1.5050                   0
  1.5150                   0
  1.5250                   0
  1.5350                   0
  1.5450                   0
  1.5550                   0
  1.5650                   0
  1.5750                   0
  1.5850                   0
  1.5950                   0
  1.6050                   0
  1.6150                   0
  1.6250                   0
  1.6350                   0
  1.6450                   0
  1.6550                   0
  1.6650                   0
  1.6750                   0
  1.6850                   0
  1.6950                   0
  1.7050                   0
  1.7150                   0
  1.7250                   0
  1.7350                   0
  1.7450                   0
  1.7550                   0
  1.7650                   0
  1.7750                   0
  1.7850                   0
  1.7950                   0
  1.8050                   0
  1.8150                   0
  1.8250                   0
  1.8350                   0
  1.8450                   0
  1.8550                   0
  1.8650                   0
  1.8750                   0
  1.8850                   0
  1.8950                   0
  1.9050                   0
  1.9150                   0
  1.9250                   0
  1.9350                   0
  1.9450                   0
  1.9550                   0
  1.9650                   0
  1.9750                   0
  1.9850                   0
  1.9950                   0
  2.0050                   0
  2.0150                   0
  2.0250                   0
  2.0350                   0
  2.0450                   0
  2.0550                   0
  2.0650                   0
  2.0750                   0
  2.0850                   0
  2.0950                   0
  2.1050                   0
  2.1150                   0
  2.1250                   0
  2.1350                   0
  2.1450                   0
  2.1550                   0
  2.1650                   0
  2.1750                   0
  2.1850                   0
  2.1950                   0
  2.2050                   0
  2.2150                   0
  2.2250                   0
  2.2350                   0
  2.2450                   0
  2.2550                   0
  2.2650                   0
  2.2750                   0
  2.2850                   0
  2.2950                   0
  2.3050                   0
  2.3150                   0
  2.3250                   0
  2.3350                   0
  2.3450                   0
  2.3550                   0
  2.3650                   0
  2.3750                   0
  2.3850                   0
  2.3950                   0
  2.4050                   0
  2.4150                   0
  2.4250                   0
  2.4350                   0
  2.4450                   0
  2.4550                   0
  2.4650                   0
  2.4750                   0
  2.4850                   0
  2.4950                   0
  2.5050                   0
  2.5150                   0
  2.5250                   0
  2.5350                   0
  2.5450                   0
  2.5550                   0
  2.5650                   0
  2.5750                   0
  2.5850                   0
  2.5950                   0
  2.6050                   0
  2.6150                   0
  2.6250                   0
  2.6350                   0
  2.6450                   0
  2.6550                   0
  2.6650                   0
  2.6750                   0
  2.6850                   0
  2.6950                   0
  2.7050                   0
  2.7150                   0
  2.7250                   0
  2.7350                   0
  2.7450                   0
  2.7550                   0
  2.7650                   0
  2.7750                   0
  2.7850                   0
  2.7950                   0
  2.8050                   0
  2.8150                   0
  2.8250                   0
  2.8350                   0
  2.8450                   0
  2.8550                   0
  2.8650                   0
  2.8750                   0
  2.8850                   0
  2.8950                   0
  2.9050                   0
  2.9150                   0
  2.9250                   0
  2.9350                   0
  2.9450                   0
  2.9550                   0
  2.9650                   0
  2.9750                   0
  2.9850                   0
  2.9950                   0
  3.0050                   0
  3.0150                   0
  3.0250                   0
  3.0350                   0
  3.0450                   0
  3.0550                   0
  3.0650                   0
  3.0750                   0
  3.0850                   0
  3.0950                   0
  3.1050                   0
  3.1150                   0
  3.1250                   0
  3.1350                   0
  3.1450                   0
  3.1550                   0
  3.1650                   0
  3.1750                   0
  3.1850                   0
  3.1950                   0
  3.2050                   0
  3.2150                   0
  3.2250                   0
  3.2350                   0
  3.2450                   0
  3.2550                   0
  3.2650                   0
  3.2750                   0
  3.2850                   0
  3.2950                   0
  3.3050                   0
  3.3150                   0
  3.3250                   0
  3.3350                   0
  3.3450                   0
  3.3550                   0
  3.3650                   0
  3.3750                   0
  3.3850                   0
  3.3950                   0
  3.4050                   0
  3.4150                   0
  3.4250                   0
  3.4350                   0
  3.4450                   0
  3.4550                   0
  3.4650                   0
  3.4750                   0
  3.4850                   0
  3.4950                   0
  3.5050                   0
  3.5150                   0
  3.5250                   0
  3.5350                   0
  3.5450                   0
  3.5550                   0
  3.5650                   0
  3.5750                   0
  3.5850                   0
  3.5950                   0
  3.6050                   0
  3.6150                   0
  3.6250                   0
  3.6350                   0
  3.6450                   0
  3.6550                   0
  3.6650                   0
  3.6750                   0
  3.6850                   0
  3.6950                   0
  3.7050                   0
  3.7150                   0
  3.7250                   0
  3.7350                   0
  3.7450                   0
  3.7550                   0
  3.7650                   0
  3.7750                   0
  3.7850                   0
  3.7950                   0
  3.8050                   0
  3.8150                   0
  3.8250                   0
  3.8350                   0
  3.8450                   0
  3.8550                   0
  3.8650                   0
  3.8750                   0
  3.8850                   0
  3.8950                   0
  3.9050                   0
  3.9150                   0
  3.9250                   0
  3.9350                   0
  3.9450                   0
  3.9550                   0
  3.9650                   0
  3.9750                   0
  3.9850                   0
  3.9950                   0
  4.0050                   0
  4.0150                   0
  4.0250                   0
  4.0350                   0
  4.0450                   0
  4.0550                   0
  4.0650                   0
  4.0750                   0
  4.0850                   0
  4.0950                   0
  4.1050                   0
  4.1150                   0
  4.1250                   0
  4.1350                   0
  4.1450                   0
  4.1550                   0
  4.1650                   0
  4.1750                   0
  4.1850                   0
  4.1950                   0
  4.2050                   0
  4.2150                   0
  4.2250                   0
  4.2350                   0
  4.2450                   0
  4.2550                   0
  4.2650                   0
  4.2750                   0
  4.2850                   0
  4.2950                   0
  4.3050                   0
  4.3150                   0
  4.3250                   0
  4.3350                   0
  4.3450                   0
  4.3550                   0
  4.3650                   0
  4.3750                   0
  4.3850                   0
  4.3950                   0
  4.4050                   0
  4.4150                   0
  4.4250                   0
  4.4350                   0
  4.4450                   0
  4.4550                   0
  4.4650                   0
  4.4750                   0
  4.4850                   0
  4.4950                   0
  4.5050                   0
