 -4.4950                   0
 -4.4850                   0
 -4.4750                   0
 -4.4650                   0
 -4.4550                   0
 -4.4450                   0
 -4.4350                   0
 -4.4250                   0
 -4.4150                   0
 -4.4050                   0
 -4.3950                   0
 -4.3850                   0
 -4.3750                   0
 -4.3650                   0
 -4.3550                   0
 -4.3450                   0
 -4.3350                   0
 -4.3250                   0
 -4.3150                   0
 -4.3050                   0
 -4.2950                   0
 -4.2850                   0
 -4.2750                   0
 -4.2650                   0
 -4.2550                   0
 -4.2450                   0
 -4.2350                   0
 -4.2250                   0
 -4.2150                   0
 -4.2050                   0
 -4.1950                   0
 -4.1850                   0
 -4.1750                   0
 -4.1650                   0
 -4.1550                   0
 -4.1450                   0
 -4.1350                   0
 -4.1250                   0
 -4.1150                   0
 -4.1050                   0
 -4.0950                   0
 -4.0850                   0
 -4.0750                   0
 -4.0650                   0
 -4.0550                   0
 -4.0450                   0
 -4.0350                   0
 -4.0250                   0
 -4.0150                   0
 -4.0050                   0
 -3.9950                   0
 -3.9850                   0
 -3.9750                   0
 -3.9650                   0
 -3.9550                   0
 -3.9450                   0
 -3.9350                   0
 -3.9250                   0
 -3.9150                   0
 -3.9050                   0
 -3.8950                   0
 -3.8850                   0
 -3.8750                   0
 -3.8650                   0
 -3.8550                   0
 -3.8450                   0
 -3.8350                   0
 -3.8250                   0
 -3.8150                   0
 -3.8050                   0
 -3.7950                   0
 -3.7850                   0
 -3.7750                   0
 -3.7650                   0
 -3.7550                   0
 -3.7450                   0
 -3.7350                   0
 -3.7250                   0
 -3.7150                   0
 -3.7050                   0
 -3.6950                   0
 -3.6850                   0
 -3.6750                   0
 -3.6650                   0
 -3.6550                   0
 -3.6450                   0
 -3.6350                   0
 -3.6250                   0
 -3.6150                   0
 -3.6050                   0
 -3.5950                   0
 -3.5850                   0
 -3.5750                   0
 -3.5650                   0
 -3.5550                   0
 -3.5450                   0
 -3.5350                   0
 -3.5250                   0
 -3.5150                   0
 -3.5050                   0
 -3.4950                   0
 -3.4850                   0
 -3.4750                   0
 -3.4650                   0
 -3.4550                   0
 -3.4450                   0
 -3.4350                   0
 -3.4250                   0
 -3.4150                   0
 -3.4050                   0
 -3.3950                   0
 -3.3850                   0
 -3.3750                   0
 -3.3650                   0
 -3.3550                   0
 -3.3450                   0
 -3.3350                   0
 -3.3250                   0
 -3.3150                   0
 -3.3050                   0
 -3.2950                   0
 -3.2850                   0
 -3.2750                   0
 -3.2650                   0
 -3.2550                   0
 -3.2450                   0
 -3.2350                   0
 -3.2250                   0
 -3.2150                   0
 -3.2050                   0
 -3.1950                   0
 -3.1850                   0
 -3.1750                   0
 -3.1650                   0
 -3.1550                   0
 -3.1450                   0
 -3.1350                   0
 -3.1250                   0
 -3.1150                   0
 -3.1050                   0
 -3.0950                   0
 -3.0850                   0
 -3.0750                   0
 -3.0650                   0
 -3.0550                   0
 -3.0450                   0
 -3.0350                   0
 -3.0250                   0
 -3.0150                   0
 -3.0050                   0
 -2.9950                   0
 -2.9850                   0
 -2.9750                   0
 -2.9650                   0
 -2.9550                   0
 -2.9450                   0
 -2.9350                   0
 -2.9250                   0
 -2.9150                   0
 -2.9050                   0
 -2.8950                   0
 -2.8850                   0
 -2.8750                   0
 -2.8650                   0
 -2.8550                   0
 -2.8450                   0
 -2.8350                   0
 -2.8250                   0
 -2.8150                   0
 -2.8050                   0
 -2.7950                   0
 -2.7850                   0
 -2.7750                   0
 -2.7650                   0
 -2.7550                   0
 -2.7450                   0
 -2.7350                   0
 -2.7250                   0
 -2.7150                   0
 -2.7050                   0
 -2.6950                   0
 -2.6850                   0
 -2.6750                   0
 -2.6650                   0
 -2.6550                   0
 -2.6450                   0
 -2.6350                   0
 -2.6250                   0
 -2.6150                   0
 -2.6050                   0
 -2.5950                   0
 -2.5850                   0
 -2.5750                   0
 -2.5650                   0
 -2.5550                   0
 -2.5450                   0
 -2.5350                   0
 -2.5250                   0
 -2.5150                   0
 -2.5050                   0
 -2.4950                   0
 -2.4850                   0
 -2.4750                   0
 -2.4650                   0
 -2.4550                   0
 -2.4450                   0
 -2.4350                   0
 -2.4250                   0
 -2.4150                   0
 -2.4050                   0
 -2.3950                   0
 -2.3850                   0
 -2.3750                   0
 -2.3650                   0
 -2.3550                   0
 -2.3450                   0
 -2.3350                   0
 -2.3250                   0
 -2.3150                   0
 -2.3050                   0
 -2.2950                   0
 -2.2850                   0
 -2.2750                   0
 -2.2650                   0
 -2.2550                   0
 -2.2450                   0
 -2.2350                   0
 -2.2250                   0
 -2.2150                   0
 -2.2050                   0
 -2.1950                   0
 -2.1850                   0
 -2.1750                   0
 -2.1650                   0
 -2.1550                   0
 -2.1450                   0
 -2.1350                   0
 -2.1250                   0
 -2.1150                   0
 -2.1050                   0
 -2.0950                   0
 -2.0850                   0
 -2.0750                   0
 -2.0650                   0
 -2.0550                   0
 -2.0450                   0
 -2.0350                   0
 -2.0250                   0
 -2.0150                   0
 -2.0050                   0
 -1.9950                   0
 -1.9850                   0
 -1.9750                   0
 -1.9650                   0
 -1.9550                   0
 -1.9450                   0
 -1.9350                   0
 -1.9250                   0
 -1.9150                   0
 -1.9050                   0
 -1.8950                   0
 -1.8850                   0
 -1.8750                   0
 -1.8650                   0
 -1.8550                   0
 -1.8450                   0
 -1.8350                   0
 -1.8250                   0
 -1.8150                   0
 -1.8050                   0
 -1.7950                   0
 -1.7850                   0
 -1.7750                   0
 -1.7650                   0
 -1.7550                   0
 -1.7450                   0
 -1.7350                   0
 -1.7250                   0
 -1.7150                   0
 -1.7050                   0
 -1.6950                   0
 -1.6850                   0
 -1.6750                   0
 -1.6650                   0
 -1.6550                   0
 -1.6450                   0
 -1.6350                   0
 -1.6250                   0
 -1.6150                   0
 -1.6050                   0
 -1.5950                   0
 -1.5850                   0
 -1.5750                   0
 -1.5650                   0
 -1.5550                   0
 -1.5450                   0
 -1.5350                   0
 -1.5250                   0
 -1.5150                   0
 -1.5050                   0
 -1.4950                   0
 -1.4850                   0
 -1.4750                   0
 -1.4650                   0
 -1.4550                   0
 -1.4450                   0
 -1.4350                   0
 -1.4250                   0
 -1.4150                   0
 -1.4050                   0
 -1.3950                   0
 -1.3850                   0
 -1.3750                   0
 -1.3650                   0
 -1.3550                   0
 -1.3450                   0
 -1.3350                   0
 -1.3250                   0
 -1.3150                   0
 -1.3050                   0
 -1.2950                   0
 -1.2850                   0
 -1.2750                   0
 -1.2650                   0
 -1.2550                   0
 -1.2450                   0
 -1.2350                   0
 -1.2250                   0
 -1.2150                   0
 -1.2050                   0
 -1.1950                   0
 -1.1850                   0
 -1.1750                   0
 -1.1650                   0
 -1.1550                   0
 -1.1450                   0
 -1.1350                   0
 -1.1250                   0
 -1.1150                   0
 -1.1050                   0
 -1.0950                   0
 -1.0850                   0
 -1.0750                   0
 -1.0650                   0
 -1.0550                   0
 -1.0450                   0
 -1.0350                   0
 -1.0250                   0
 -1.0150                   0
 -1.0050                   0
 -0.9950                   0
 -0.9850                   0
 -0.9750                   0
 -0.9650                   0
 -0.9550                   0
 -0.9450                   0
 -0.9350                   0
 -0.9250                   0
 -0.9150                   0
 -0.9050                   0
 -0.8950                   0
 -0.8850                   0
 -0.8750                   0
 -0.8650                   0
 -0.8550                   0
 -0.8450                   0
 -0.8350                   0
 -0.8250                   0
 -0.8150                   0
 -0.8050                   0
 -0.7950                   0
 -0.7850                   0
 -0.7750                   0
 -0.7650                   0
 -0.7550                   0
 -0.7450                   0
 -0.7350                   0
 -0.7250                   0
 -0.7150                   0
 -0.7050                   0
 -0.6950                   0
 -0.6850                   0
 -0.6750                   0
 -0.6650                   0
 -0.6550                   0
 -0.6450                   0
 -0.6350                   0
 -0.6250                   0
 -0.6150                   0
 -0.6050                   0
 -0.5950                   0
 -0.5850                   0
 -0.5750                   0
 -0.5650                   0
 -0.5550                   0
 -0.5450                   0
 -0.5350                   0
 -0.5250                   0
 -0.5150                   0
 -0.5050                   0
 -0.4950                   0
 -0.4850                   0
 -0.4750                   0
 -0.4650                   0
 -0.4550                   0
 -0.4450                   0
 -0.4350                   0
 -0.4250                   0
 -0.4150                   0
 -0.4050                   0
 -0.3950                   0
 -0.3850                   0
 -0.3750                   0
 -0.3650                   0
 -0.3550                   0
 -0.3450                   0
 -0.3350                   0
 -0.3250                   0
 -0.3150                   0
 -0.3050                   0
 -0.2950                   0
 -0.2850                   0
 -0.2750                   0
 -0.2650                   0
 -0.2550                   0
 -0.2450                   0
 -0.2350                   0
 -0.2250                   0
 -0.2150                   0
 -0.2050                   0
 -0.1950                   0
 -0.1850                   0
 -0.1750                   0
 -0.1650                   0
 -0.1550                   0
 -0.1450                   0
 -0.1350                   0
 -0.1250                   0
 -0.1150                   0
 -0.1050                   0
 -0.0950                   0
 -0.0850                   0
 -0.0750                   0
 -0.0650                   0
 -0.0550                   0
 -0.0450                   0
 -0.0350                   0
 -0.0250                   0
 -0.0150                   0
 -0.0050                   0
  0.0050                   0
  0.0150                   0
  0.0250                   0
  0.0350                   0
  0.0450                   0
  0.0550                   0
  0.0650                   0
  0.0750                   0
  0.0850                   0
  0.0950                   0
  0.1050                   0
  0.1150                   0
  0.1250                   0
  0.1350                   0
  0.1450                   0
  0.1550                   0
  0.1650                   0
  0.1750                   0
  0.1850                   0
  0.1950                   0
  0.2050                   0
  0.2150                   0
  0.2250                   0
  0.2350                   0
  0.2450                   0
  0.2550                   0
  0.2650                   0
  0.2750                   0
  0.2850                   0
  0.2950                   0
  0.3050                   0
  0.3150                   0
  0.3250                   0
  0.3350                   0
  0.3450                   0
  0.3550                   0
  0.3650                   0
  0.3750                   0
  0.3850                   0
  0.3950                   0
  0.4050                   0
  0.4150                   0
  0.4250                   0
  0.4350                   0
  0.4450                   0
  0.4550                   0
  0.4650                   0
  0.4750                   0
  0.4850                   0
  0.4950                   0
  0.5050                   0
  0.5150                   0
  0.5250                   0
  0.5350                   0
  0.5450                   0
  0.5550                   0
  0.5650                   0
  0.5750                   0
  0.5850                   0
  0.5950                   0
  0.6050                   0
  0.6150                   0
  0.6250                   0
  0.6350                   0
  0.6450                   0
  0.6550                   0
  0.6650                   0
  0.6750                   0
  0.6850                   0
  0.6950                   0
  0.7050                   0
  0.7150                   0
  0.7250                   0
  0.7350                   0
  0.7450                   0
  0.7550                   0
  0.7650                   0
  0.7750                   0
  0.7850                   0
  0.7950                   0
  0.8050                   0
  0.8150                   0
  0.8250                   0
  0.8350                   0
  0.8450                   0
  0.8550                   0
  0.8650                   0
  0.8750                   0
  0.8850                   0
  0.8950                   0
  0.9050                   0
  0.9150                   0
  0.9250                   0
  0.9350                   0
  0.9450                   0
  0.9550                   0
  0.9650                   0
  0.9750                   0
  0.9850                   0
  0.9950                   0
  1.0050                   0
  1.0150                   0
  1.0250                   0
  1.0350                   0
  1.0450                   0
  1.0550                   0
  1.0650                   0
  1.0750                   0
  1.0850                   0
  1.0950                   0
  1.1050                   0
  1.1150                   0
  1.1250                   0
  1.1350                   0
  1.1450                   0
  1.1550                   0
  1.1650                   0
  1.1750                   0
  1.1850                   0
  1.1950                   0
  1.2050                   0
  1.2150                   0
  1.2250                   0
  1.2350                   0
  1.2450                   0
  1.2550                   0
  1.2650                   0
  1.2750                   0
  1.2850                   0
  1.2950                   0
  1.3050                   0
  1.3150                   0
  1.3250                   0
  1.3350                   0
  1.3450                   0
  1.3550                   0
  1.3650                   0
  1.3750                   0
  1.3850                   0
  1.3950                   0
  1.4050                   0
  1.4150                   0
  1.4250                   0
  1.4350                   0
  1.4450                   0
  1.4550                   0
  1.4650                   0
  1.4750                   0
  1.4850                   0
  1.4950                   0
  1.5050                   0
  1.5150                   0
  1.5250                   0
  1.5350                   0
  1.5450                   0
  1.5550                   0
  1.5650                   0
  1.5750                   0
  1.5850                   0
  1.5950                   0
  1.6050                   0
  1.6150                   0
  1.6250                   0
  1.6350                   0
  1.6450                   0
  1.6550                   0
  1.6650                   0
  1.6750                   0
  1.6850                   0
  1.6950                   0
  1.7050                   0
  1.7150                   0
  1.7250                   0
  1.7350                   0
  1.7450                   0
  1.7550                   0
  1.7650                   0
  1.7750                   0
  1.7850                   0
  1.7950                   0
  1.8050                   0
  1.8150                   1
  1.8250                  12
  1.8350                  53
  1.8450                 127
  1.8550                 215
  1.8650                 264
  1.8750                 714
  1.8850                1534
  1.8950                2758
  1.9050                5148
  1.9150                9259
  1.9250               17390
  1.9350               30938
  1.9450               54829
  1.9550               95000
  1.9650              161390
  1.9750              271452
  1.9850              441879
  1.9950              706986
  2.0050             1111843
  2.0150             1698781
  2.0250             2534197
  2.0350             3687149
  2.0450             5256668
  2.0550             7315111
  2.0650             9937910
  2.0750            13188003
  2.0850            17045667
  2.0950            21560458
  2.1050            26650703
  2.1150            32190783
  2.1250            37940749
  2.1350            43702068
  2.1450            49135091
  2.1550            53937700
  2.1650            57787791
  2.1750            60479212
  2.1850            61843815
  2.1950            61631955
  2.2050            59947411
  2.2150            56943604
  2.2250            52802683
  2.2350            47811516
  2.2450            42230685
  2.2550            36422705
  2.2650            30676251
  2.2750            25207124
  2.2850            20227898
  2.2950            15847993
  2.3050            12091254
  2.3150             9018958
  2.3250             6552140
  2.3350             4650087
  2.3450             3212488
  2.3550             2157908
  2.3650             1421897
  2.3750              917108
  2.3850              577171
  2.3950              353458
  2.4050              211894
  2.4150              125804
  2.4250               70063
  2.4350               39537
  2.4450               22239
  2.4550               11986
  2.4650                6239
  2.4750                3176
  2.4850                1710
  2.4950                 742
  2.5050                 394
  2.5150                 154
  2.5250                  63
  2.5350                  48
  2.5450                   5
  2.5550                   4
  2.5650                   0
  2.5750                   0
  2.5850                   0
  2.5950                   0
  2.6050                   0
  2.6150                   0
  2.6250                   0
  2.6350                   0
  2.6450                   0
  2.6550                   0
  2.6650                   0
  2.6750                   0
  2.6850                   0
  2.6950                   0
  2.7050                   0
  2.7150                   0
  2.7250                   0
  2.7350                   0
  2.7450                   0
  2.7550                   0
  2.7650                   0
  2.7750                   0
  2.7850                   0
  2.7950                   0
  2.8050                   0
  2.8150                   0
  2.8250                   0
  2.8350                   0
  2.8450                   0
  2.8550                   0
  2.8650                   0
  2.8750                   0
  2.8850                   0
  2.8950                   0
  2.9050                   0
  2.9150                   0
  2.9250                   0
  2.9350                   0
  2.9450                   0
  2.9550                   0
  2.9650                   0
  2.9750                   0
  2.9850                   0
  2.9950                   0
  3.0050                   0
  3.0150                   0
  3.0250                   0
  3.0350                   0
  3.0450                   0
  3.0550                   0
  3.0650                   0
  3.0750                   0
  3.0850                   0
  3.0950                   0
  3.1050                   0
  3.1150                   0
  3.1250                   0
  3.1350                   0
  3.1450                   0
  3.1550                   0
  3.1650                   0
  3.1750                   0
  3.1850                   0
  3.1950                   0
  3.2050                   0
  3.2150                   0
  3.2250                   0
  3.2350                   0
  3.2450                   0
  3.2550                   0
  3.2650                   0
  3.2750                   0
  3.2850                   0
  3.2950                   0
  3.3050                   0
  3.3150                   0
  3.3250                   0
  3.3350                   0
  3.3450                   0
  3.3550                   0
  3.3650                   0
  3.3750                   0
  3.3850                   0
  3.3950                   0
  3.4050                   0
  3.4150                   0
  3.4250                   0
  3.4350                   0
  3.4450                   0
  3.4550                   0
  3.4650                   0
  3.4750                   0
  3.4850                   0
  3.4950                   0
  3.5050                   0
  3.5150                   0
  3.5250                   0
  3.5350                   0
  3.5450                   0
  3.5550                   0
  3.5650                   0
  3.5750                   0
  3.5850                   0
  3.5950                   0
  3.6050                   0
  3.6150                   0
  3.6250                   0
  3.6350                   0
  3.6450                   0
  3.6550                   0
  3.6650                   0
  3.6750                   0
  3.6850                   0
  3.6950                   0
  3.7050                   0
  3.7150                   0
  3.7250                   0
  3.7350                   0
  3.7450                   0
  3.7550                   0
  3.7650                   0
  3.7750                   0
  3.7850                   0
  3.7950                   0
  3.8050                   0
  3.8150                   0
  3.8250                   0
  3.8350                   0
  3.8450                   0
  3.8550                   0
  3.8650                   0
  3.8750                   0
  3.8850                   0
  3.8950                   0
  3.9050                   0
  3.9150                   0
  3.9250                   0
  3.9350                   0
  3.9450                   0
  3.9550                   0
  3.9650                   0
  3.9750                   0
  3.9850                   0
  3.9950                   0
  4.0050                   0
  4.0150                   0
  4.0250                   0
  4.0350                   0
  4.0450                   0
  4.0550                   0
  4.0650                   0
  4.0750                   0
  4.0850                   0
  4.0950                   0
  4.1050                   0
  4.1150                   0
  4.1250                   0
  4.1350                   0
  4.1450                   0
  4.1550                   0
  4.1650                   0
  4.1750                   0
  4.1850                   0
  4.1950                   0
  4.2050                   0
  4.2150                   0
  4.2250                   0
  4.2350                   0
  4.2450                   0
  4.2550                   0
  4.2650                   0
  4.2750                   0
  4.2850                   0
  4.2950                   0
  4.3050                   0
  4.3150                   0
  4.3250                   0
  4.3350                   0
  4.3450                   0
  4.3550                   0
  4.3650                   0
  4.3750                   0
  4.3850                   0
  4.3950                   0
  4.4050                   0
  4.4150                   0
  4.4250                   0
  4.4350                   0
  4.4450                   0
  4.4550                   0
  4.4650                   0
  4.4750                   0
  4.4850                   0
  4.4950                   0
  4.5050                   0
