 -3.9750     4.95078188E+000
 -3.9650     4.93436267E+000
 -3.9550     4.92747133E+000
 -3.9450     4.90953986E+000
 -3.9350     4.91097678E+000
 -3.9250     4.87726837E+000
 -3.9150     4.86164130E+000
 -3.9050     4.83976051E+000
 -3.8950     4.82032771E+000
 -3.8850     4.80155743E+000
 -3.8750     4.78149998E+000
 -3.8650     4.76180689E+000
 -3.8550     4.74206008E+000
 -3.8450     4.72296467E+000
 -3.8350     4.70339321E+000
 -3.8250     4.68405982E+000
 -3.8150     4.66503432E+000
 -3.8050     4.64589839E+000
 -3.7950     4.62695423E+000
 -3.7850     4.60808724E+000
 -3.7750     4.58918650E+000
 -3.7650     4.57030341E+000
 -3.7550     4.55151700E+000
 -3.7450     4.53283613E+000
 -3.7350     4.51408446E+000
 -3.7250     4.49541328E+000
 -3.7150     4.47683525E+000
 -3.7050     4.45822877E+000
 -3.6950     4.43972389E+000
 -3.6850     4.42125030E+000
 -3.6750     4.40282077E+000
 -3.6650     4.38446184E+000
 -3.6550     4.36614506E+000
 -3.6450     4.34787190E+000
 -3.6350     4.32965732E+000
 -3.6250     4.31148091E+000
 -3.6150     4.29335657E+000
 -3.6050     4.27528559E+000
 -3.5950     4.25726462E+000
 -3.5850     4.23928201E+000
 -3.5750     4.22136360E+000
 -3.5650     4.20348017E+000
 -3.5550     4.18565719E+000
 -3.5450     4.16787898E+000
 -3.5350     4.15014875E+000
 -3.5250     4.13247001E+000
 -3.5150     4.11484808E+000
 -3.5050     4.09724956E+000
 -3.4950     4.07972845E+000
 -3.4850     4.06225582E+000
 -3.4750     4.04484829E+000
 -3.4650     4.02749611E+000
 -3.4550     4.01016826E+000
 -3.4450     3.99290289E+000
 -3.4350     3.97567369E+000
 -3.4250     3.95849320E+000
 -3.4150     3.94136743E+000
 -3.4050     3.92429583E+000
 -3.3950     3.90727350E+000
 -3.3850     3.89028650E+000
 -3.3750     3.87335248E+000
 -3.3650     3.85647241E+000
 -3.3550     3.83963754E+000
 -3.3450     3.82285133E+000
 -3.3350     3.80611538E+000
 -3.3250     3.78943717E+000
 -3.3150     3.77281367E+000
 -3.3050     3.75621647E+000
 -3.2950     3.73968887E+000
 -3.2850     3.72322221E+000
 -3.2750     3.70678282E+000
 -3.2650     3.69040703E+000
 -3.2550     3.67408757E+000
 -3.2450     3.65779770E+000
 -3.2350     3.64156901E+000
 -3.2250     3.62537909E+000
 -3.2150     3.60924013E+000
 -3.2050     3.59315330E+000
 -3.1950     3.57711677E+000
 -3.1850     3.56112674E+000
 -3.1750     3.54519639E+000
 -3.1650     3.52931519E+000
 -3.1550     3.51346902E+000
 -3.1450     3.49767000E+000
 -3.1350     3.48192837E+000
 -3.1250     3.46623143E+000
 -3.1150     3.45059752E+000
 -3.1050     3.43500134E+000
 -3.0950     3.41945962E+000
 -3.0850     3.40395774E+000
 -3.0750     3.38851330E+000
 -3.0650     3.37311872E+000
 -3.0550     3.35776165E+000
 -3.0450     3.34246867E+000
 -3.0350     3.32719853E+000
 -3.0250     3.31199444E+000
 -3.0150     3.29684775E+000
 -3.0050     3.28173364E+000
 -2.9950     3.26668993E+000
 -2.9850     3.25169886E+000
 -2.9750     3.23674141E+000
 -2.9650     3.22184774E+000
 -2.9550     3.20698157E+000
 -2.9450     3.19219106E+000
 -2.9350     3.17743175E+000
 -2.9250     3.16272289E+000
 -2.9150     3.14807348E+000
 -2.9050     3.13345795E+000
 -2.8950     3.11889780E+000
 -2.8850     3.10437725E+000
 -2.8750     3.08992380E+000
 -2.8650     3.07552060E+000
 -2.8550     3.06115934E+000
 -2.8450     3.04685405E+000
 -2.8350     3.03257609E+000
 -2.8250     3.01837277E+000
 -2.8150     3.00420427E+000
 -2.8050     2.99009216E+000
 -2.7950     2.97602336E+000
 -2.7850     2.96198966E+000
 -2.7750     2.94802276E+000
 -2.7650     2.93409783E+000
 -2.7550     2.92021693E+000
 -2.7450     2.90637452E+000
 -2.7350     2.89259186E+000
 -2.7250     2.87885137E+000
 -2.7150     2.86515938E+000
 -2.7050     2.85151578E+000
 -2.6950     2.83793405E+000
 -2.6850     2.82440222E+000
 -2.6750     2.81092665E+000
 -2.6650     2.79749770E+000
 -2.6550     2.78411700E+000
 -2.6450     2.77078061E+000
 -2.6350     2.75749171E+000
 -2.6250     2.74424698E+000
 -2.6150     2.73105895E+000
 -2.6050     2.71791368E+000
 -2.5950     2.70480361E+000
 -2.5850     2.69174905E+000
 -2.5750     2.67875084E+000
 -2.5650     2.66579611E+000
 -2.5550     2.65289070E+000
 -2.5450     2.64002896E+000
 -2.5350     2.62722179E+000
 -2.5250     2.61445070E+000
 -2.5150     2.60172612E+000
 -2.5050     2.58905868E+000
 -2.4950     2.57641265E+000
 -2.4850     2.56384184E+000
 -2.4750     2.55130971E+000
 -2.4650     2.53883774E+000
 -2.4550     2.52641326E+000
 -2.4450     2.51401779E+000
 -2.4350     2.50168073E+000
 -2.4250     2.48938253E+000
 -2.4150     2.47713958E+000
 -2.4050     2.46494438E+000
 -2.3950     2.45278779E+000
 -2.3850     2.44068137E+000
 -2.3750     2.42861656E+000
 -2.3650     2.41660556E+000
 -2.3550     2.40463312E+000
 -2.3450     2.39269620E+000
 -2.3350     2.38080757E+000
 -2.3250     2.36897523E+000
 -2.3150     2.35718090E+000
 -2.3050     2.34542280E+000
 -2.2950     2.33371725E+000
 -2.2850     2.32206153E+000
 -2.2750     2.31044257E+000
 -2.2650     2.29887586E+000
 -2.2550     2.28734392E+000
 -2.2450     2.27586453E+000
 -2.2350     2.26442137E+000
 -2.2250     2.25302376E+000
 -2.2150     2.24166572E+000
 -2.2050     2.23035657E+000
 -2.1950     2.21908699E+000
 -2.1850     2.20785812E+000
 -2.1750     2.19667274E+000
 -2.1650     2.18551885E+000
 -2.1550     2.17440878E+000
 -2.1450     2.16334447E+000
 -2.1350     2.15231069E+000
 -2.1250     2.14131535E+000
 -2.1150     2.13036928E+000
 -2.1050     2.11945077E+000
 -2.0950     2.10857272E+000
 -2.0850     2.09773038E+000
 -2.0750     2.08693290E+000
 -2.0650     2.07616610E+000
 -2.0550     2.06543679E+000
 -2.0450     2.05474778E+000
 -2.0350     2.04409282E+000
 -2.0250     2.03346967E+000
 -2.0150     2.02288306E+000
 -2.0050     2.01231979E+000
 -1.9950     2.00178586E+000
 -1.9850     1.99128751E+000
 -1.9750     1.98081528E+000
 -1.9650     1.97036202E+000
 -1.9550     1.95994688E+000
 -1.9450     1.94955435E+000
 -1.9350     1.93918181E+000
 -1.9250     1.92884583E+000
 -1.9150     1.91852451E+000
 -1.9050     1.90822700E+000
 -1.8950     1.89794676E+000
 -1.8850     1.88769158E+000
 -1.8750     1.87746687E+000
 -1.8650     1.86725256E+000
 -1.8550     1.85706684E+000
 -1.8450     1.84688724E+000
 -1.8350     1.83672935E+000
 -1.8250     1.82657601E+000
 -1.8150     1.81643336E+000
 -1.8050     1.80630565E+000
 -1.7950     1.79619215E+000
 -1.7850     1.78608591E+000
 -1.7750     1.77597639E+000
 -1.7650     1.76588752E+000
 -1.7550     1.75579475E+000
 -1.7450     1.74571799E+000
 -1.7350     1.73564699E+000
 -1.7250     1.72557807E+000
 -1.7150     1.71552094E+000
 -1.7050     1.70546009E+000
 -1.6950     1.69540646E+000
 -1.6850     1.68535384E+000
 -1.6750     1.67529891E+000
 -1.6650     1.66526149E+000
 -1.6550     1.65522763E+000
 -1.6450     1.64517178E+000
 -1.6350     1.63512662E+000
 -1.6250     1.62510074E+000
 -1.6150     1.61505365E+000
 -1.6050     1.60501155E+000
 -1.5950     1.59495787E+000
 -1.5850     1.58492614E+000
 -1.5750     1.57488889E+000
 -1.5650     1.56485873E+000
 -1.5550     1.55482443E+000
 -1.5450     1.54479573E+000
 -1.5350     1.53476280E+000
 -1.5250     1.52472613E+000
 -1.5150     1.51469546E+000
 -1.5050     1.50466002E+000
 -1.4950     1.49462077E+000
 -1.4850     1.48458969E+000
 -1.4750     1.47455146E+000
 -1.4650     1.46451135E+000
 -1.4550     1.45448482E+000
 -1.4450     1.44444995E+000
 -1.4350     1.43442173E+000
 -1.4250     1.42438382E+000
 -1.4150     1.41435649E+000
 -1.4050     1.40432070E+000
 -1.3950     1.39430087E+000
 -1.3850     1.38426702E+000
 -1.3750     1.37423565E+000
 -1.3650     1.36421065E+000
 -1.3550     1.35418092E+000
 -1.3450     1.34415251E+000
 -1.3350     1.33414161E+000
 -1.3250     1.32410678E+000
 -1.3150     1.31409278E+000
 -1.3050     1.30407000E+000
 -1.2950     1.29403671E+000
 -1.2850     1.28400253E+000
 -1.2750     1.27396039E+000
 -1.2650     1.26393453E+000
 -1.2550     1.25390334E+000
 -1.2450     1.24386914E+000
 -1.2350     1.23384022E+000
 -1.2250     1.22380152E+000
 -1.2150     1.21377108E+000
 -1.2050     1.20373230E+000
 -1.1950     1.19369322E+000
 -1.1850     1.18365549E+000
 -1.1750     1.17361623E+000
 -1.1650     1.16357092E+000
 -1.1550     1.15352429E+000
 -1.1450     1.14348620E+000
 -1.1350     1.13343382E+000
 -1.1250     1.12338967E+000
 -1.1150     1.11335654E+000
 -1.1050     1.10332318E+000
 -1.0950     1.09330031E+000
 -1.0850     1.08327755E+000
 -1.0750     1.07326885E+000
 -1.0650     1.06325289E+000
 -1.0550     1.05323542E+000
 -1.0450     1.04322156E+000
 -1.0350     1.03319740E+000
 -1.0250     1.02317792E+000
 -1.0150     1.01315539E+000
 -1.0050     1.00313319E+000
 -0.9950     9.93118279E-001
 -0.9850     9.83098144E-001
 -0.9750     9.73073248E-001
 -0.9650     9.63043812E-001
 -0.9550     9.53021718E-001
 -0.9450     9.42985124E-001
 -0.9350     9.32963128E-001
 -0.9250     9.22935872E-001
 -0.9150     9.12890055E-001
 -0.9050     9.02858355E-001
 -0.8950     8.92818767E-001
 -0.8850     8.82780428E-001
 -0.8750     8.72737335E-001
 -0.8650     8.62694546E-001
 -0.8550     8.52678569E-001
 -0.8450     8.42648634E-001
 -0.8350     8.32636213E-001
 -0.8250     8.22616200E-001
 -0.8150     8.12600346E-001
 -0.8050     8.02578319E-001
 -0.7950     7.92562333E-001
 -0.7850     7.82545743E-001
 -0.7750     7.72521432E-001
 -0.7650     7.62508155E-001
 -0.7550     7.52485357E-001
 -0.7450     7.42461470E-001
 -0.7350     7.32444107E-001
 -0.7250     7.22420791E-001
 -0.7150     7.12404844E-001
 -0.7050     7.02378625E-001
 -0.6950     6.92346343E-001
 -0.6850     6.82316062E-001
 -0.6750     6.72284417E-001
 -0.6650     6.62254426E-001
 -0.6550     6.52225344E-001
 -0.6450     6.42179851E-001
 -0.6350     6.32149862E-001
 -0.6250     6.22113984E-001
 -0.6150     6.12086797E-001
 -0.6050     6.02055868E-001
 -0.5950     5.92030064E-001
 -0.5850     5.82005758E-001
 -0.5750     5.71983842E-001
 -0.5650     5.61958978E-001
 -0.5550     5.51940752E-001
 -0.5450     5.41912912E-001
 -0.5350     5.31890658E-001
 -0.5250     5.21878149E-001
 -0.5150     5.11853961E-001
 -0.5050     5.01825228E-001
 -0.4950     4.91807503E-001
 -0.4850     4.81782557E-001
 -0.4750     4.71760855E-001
 -0.4650     4.61739156E-001
 -0.4550     4.51702618E-001
 -0.4450     4.41670983E-001
 -0.4350     4.31630344E-001
 -0.4250     4.21586307E-001
 -0.4150     4.11547931E-001
 -0.4050     4.01501693E-001
 -0.3950     3.91450555E-001
 -0.3850     3.81404019E-001
 -0.3750     3.71368594E-001
 -0.3650     3.61341408E-001
 -0.3550     3.51329554E-001
 -0.3450     3.41313290E-001
 -0.3350     3.31301296E-001
 -0.3250     3.21289801E-001
 -0.3150     3.11278195E-001
 -0.3050     3.01261962E-001
 -0.2950     2.91251909E-001
 -0.2850     2.81241933E-001
 -0.2750     2.71241844E-001
 -0.2650     2.61235168E-001
 -0.2550     2.51206891E-001
 -0.2450     2.41184370E-001
 -0.2350     2.31166324E-001
 -0.2250     2.21136296E-001
 -0.2150     2.11094112E-001
 -0.2050     2.01067787E-001
 -0.1950     1.91030080E-001
 -0.1850     1.80987830E-001
 -0.1750     1.70940597E-001
 -0.1650     1.60907126E-001
 -0.1550     1.50876503E-001
 -0.1450     1.40839464E-001
 -0.1350     1.30806966E-001
 -0.1250     1.20775800E-001
 -0.1150     1.10762157E-001
 -0.1050     1.00740500E-001
 -0.0950     9.07173880E-002
 -0.0850     8.06845949E-002
 -0.0750     7.06598517E-002
 -0.0650     6.06435542E-002
 -0.0550     5.06068301E-002
 -0.0450     4.05746665E-002
 -0.0350     3.05362707E-002
 -0.0250     2.04792831E-002
 -0.0150     1.03810722E-002
 -0.0050     0.00000000E+000
  0.0050     3.01182958E-004
  0.0150     1.04001144E-002
  0.0250     2.05267510E-002
  0.0350     3.05994370E-002
  0.0450     4.06397859E-002
  0.0550     5.06736979E-002
  0.0650     6.06792492E-002
  0.0750     7.07001694E-002
  0.0850     8.07084903E-002
  0.0950     9.07255173E-002
  0.1050     1.00743175E-001
  0.1150     1.10765260E-001
  0.1250     1.20805099E-001
  0.1350     1.30820576E-001
  0.1450     1.40804995E-001
  0.1550     1.50830938E-001
  0.1650     1.60870165E-001
  0.1750     1.70914792E-001
  0.1850     1.80963867E-001
  0.1950     1.90989876E-001
  0.2050     2.01019533E-001
  0.2150     2.11061379E-001
  0.2250     2.21089304E-001
  0.2350     2.31111236E-001
  0.2450     2.41146161E-001
  0.2550     2.51181043E-001
  0.2650     2.61211815E-001
  0.2750     2.71233985E-001
  0.2850     2.81247787E-001
  0.2950     2.91262978E-001
  0.3050     3.01274889E-001
  0.3150     3.11286976E-001
  0.3250     3.21309314E-001
  0.3350     3.31311058E-001
  0.3450     3.41316989E-001
  0.3550     3.51324943E-001
  0.3650     3.61342888E-001
  0.3750     3.71350016E-001
  0.3850     3.81367223E-001
  0.3950     3.91402344E-001
  0.4050     4.01421661E-001
  0.4150     4.11438843E-001
  0.4250     4.21466136E-001
  0.4350     4.31482156E-001
  0.4450     4.41507940E-001
  0.4550     4.51540704E-001
  0.4650     4.61572339E-001
  0.4750     4.71583564E-001
  0.4850     4.81600944E-001
  0.4950     4.91634525E-001
  0.5050     5.01657263E-001
  0.5150     5.11678402E-001
  0.5250     5.21694196E-001
  0.5350     5.31727555E-001
  0.5450     5.41755497E-001
  0.5550     5.51784662E-001
  0.5650     5.61800115E-001
  0.5750     5.71820623E-001
  0.5850     5.81848127E-001
  0.5950     5.91854258E-001
  0.6050     6.01878060E-001
  0.6150     6.11914533E-001
  0.6250     6.21949264E-001
  0.6350     6.32002888E-001
  0.6450     6.42050651E-001
  0.6550     6.52099454E-001
  0.6650     6.62143846E-001
  0.6750     6.72188231E-001
  0.6850     6.82227049E-001
  0.6950     6.92263918E-001
  0.7050     7.02303065E-001
  0.7150     7.12334183E-001
  0.7250     7.22366583E-001
  0.7350     7.32393547E-001
  0.7450     7.42437705E-001
  0.7550     7.52479084E-001
  0.7650     7.62516946E-001
  0.7750     7.72554232E-001
  0.7850     7.82588990E-001
  0.7950     7.92622788E-001
  0.8050     8.02655211E-001
  0.8150     8.12693497E-001
  0.8250     8.22720065E-001
  0.8350     8.32764229E-001
  0.8450     8.42799430E-001
  0.8550     8.52846984E-001
  0.8650     8.62879797E-001
  0.8750     8.72910936E-001
  0.8850     8.82944240E-001
  0.8950     8.92971982E-001
  0.9050     9.02999580E-001
  0.9150     9.13037003E-001
  0.9250     9.23073641E-001
  0.9350     9.33094356E-001
  0.9450     9.43121812E-001
  0.9550     9.53146165E-001
  0.9650     9.63183976E-001
  0.9750     9.73215500E-001
  0.9850     9.83246238E-001
  0.9950     9.93277905E-001
  1.0050     1.00330790E+000
  1.0150     1.01333230E+000
  1.0250     1.02336569E+000
  1.0350     1.03339190E+000
  1.0450     1.04341229E+000
  1.0550     1.05344770E+000
  1.0650     1.06346411E+000
  1.0750     1.07348850E+000
  1.0850     1.08349288E+000
  1.0950     1.09352236E+000
  1.1050     1.10355060E+000
  1.1150     1.11356849E+000
  1.1250     1.12358977E+000
  1.1350     1.13360197E+000
  1.1450     1.14360614E+000
  1.1550     1.15361960E+000
  1.1650     1.16363229E+000
  1.1750     1.17364461E+000
  1.1850     1.18365838E+000
  1.1950     1.19367914E+000
  1.2050     1.20370208E+000
  1.2150     1.21371873E+000
  1.2250     1.22374707E+000
  1.2350     1.23377519E+000
  1.2450     1.24378914E+000
  1.2550     1.25380414E+000
  1.2650     1.26382307E+000
  1.2750     1.27383588E+000
  1.2850     1.28385081E+000
  1.2950     1.29387159E+000
  1.3050     1.30388384E+000
  1.3150     1.31390400E+000
  1.3250     1.32391192E+000
  1.3350     1.33391954E+000
  1.3450     1.34393967E+000
  1.3550     1.35396290E+000
  1.3650     1.36398833E+000
  1.3750     1.37402626E+000
  1.3850     1.38406296E+000
  1.3950     1.39410756E+000
  1.4050     1.40414524E+000
  1.4150     1.41417594E+000
  1.4250     1.42422014E+000
  1.4350     1.43424851E+000
  1.4450     1.44428988E+000
  1.4550     1.45433111E+000
  1.4650     1.46437086E+000
  1.4750     1.47441170E+000
  1.4850     1.48444050E+000
  1.4950     1.49447327E+000
  1.5050     1.50450876E+000
  1.5150     1.51454161E+000
  1.5250     1.52457297E+000
  1.5350     1.53461885E+000
  1.5450     1.54465386E+000
  1.5550     1.55468617E+000
  1.5650     1.56473065E+000
  1.5750     1.57477085E+000
  1.5850     1.58480745E+000
  1.5950     1.59483353E+000
  1.6050     1.60486346E+000
  1.6150     1.61489604E+000
  1.6250     1.62494484E+000
  1.6350     1.63499528E+000
  1.6450     1.64503943E+000
  1.6550     1.65509175E+000
  1.6650     1.66514527E+000
  1.6750     1.67518641E+000
  1.6850     1.68524043E+000
  1.6950     1.69529816E+000
  1.7050     1.70535265E+000
  1.7150     1.71542134E+000
  1.7250     1.72549223E+000
  1.7350     1.73556267E+000
  1.7450     1.74564356E+000
  1.7550     1.75572177E+000
  1.7650     1.76581048E+000
  1.7750     1.77589377E+000
  1.7850     1.78600018E+000
  1.7950     1.79611531E+000
  1.8050     1.80623584E+000
  1.8150     1.81637170E+000
  1.8250     1.82651178E+000
  1.8350     1.83666282E+000
  1.8450     1.84682096E+000
  1.8550     1.85699968E+000
  1.8650     1.86720330E+000
  1.8750     1.87740265E+000
  1.8850     1.88762013E+000
  1.8950     1.89787921E+000
  1.9050     1.90815658E+000
  1.9150     1.91844587E+000
  1.9250     1.92876288E+000
  1.9350     1.93909593E+000
  1.9450     1.94945163E+000
  1.9550     1.95984183E+000
  1.9650     1.97024635E+000
  1.9750     1.98069144E+000
  1.9850     1.99116221E+000
  1.9950     2.00165678E+000
  2.0050     2.01217300E+000
  2.0150     2.02273201E+000
  2.0250     2.03332325E+000
  2.0350     2.04394070E+000
  2.0450     2.05459553E+000
  2.0550     2.06527567E+000
  2.0650     2.07599907E+000
  2.0750     2.08675808E+000
  2.0850     2.09756779E+000
  2.0950     2.10840883E+000
  2.1050     2.11928704E+000
  2.1150     2.13020054E+000
  2.1250     2.14116144E+000
  2.1350     2.15215058E+000
  2.1450     2.16317999E+000
  2.1550     2.17424937E+000
  2.1650     2.18536024E+000
  2.1750     2.19650512E+000
  2.1850     2.20768275E+000
  2.1950     2.21891653E+000
  2.2050     2.23019442E+000
  2.2150     2.24150759E+000
  2.2250     2.25286182E+000
  2.2350     2.26425358E+000
  2.2450     2.27569439E+000
  2.2550     2.28717225E+000
  2.2650     2.29868974E+000
  2.2750     2.31025507E+000
  2.2850     2.32185791E+000
  2.2950     2.33350582E+000
  2.3050     2.34521746E+000
  2.3150     2.35696429E+000
  2.3250     2.36876717E+000
  2.3350     2.38061201E+000
  2.3450     2.39249576E+000
  2.3550     2.40442716E+000
  2.3650     2.41639989E+000
  2.3750     2.42842313E+000
  2.3850     2.44049327E+000
  2.3950     2.45260652E+000
  2.4050     2.46476221E+000
  2.4150     2.47695739E+000
  2.4250     2.48920788E+000
  2.4350     2.50149146E+000
  2.4450     2.51382489E+000
  2.4550     2.52619857E+000
  2.4650     2.53864104E+000
  2.4750     2.55112119E+000
  2.4850     2.56365138E+000
  2.4950     2.57623695E+000
  2.5050     2.58886450E+000
  2.5150     2.60153740E+000
  2.5250     2.61426152E+000
  2.5350     2.62704026E+000
  2.5450     2.63986255E+000
  2.5550     2.65272772E+000
  2.5650     2.66564337E+000
  2.5750     2.67861141E+000
  2.5850     2.69160705E+000
  2.5950     2.70465233E+000
  2.6050     2.71775761E+000
  2.6150     2.73090940E+000
  2.6250     2.74410124E+000
  2.6350     2.75734701E+000
  2.6450     2.77064263E+000
  2.6550     2.78398298E+000
  2.6650     2.79737133E+000
  2.6750     2.81079915E+000
  2.6850     2.82427964E+000
  2.6950     2.83780742E+000
  2.7050     2.85138749E+000
  2.7150     2.86502602E+000
  2.7250     2.87872407E+000
  2.7350     2.89246556E+000
  2.7450     2.90623973E+000
  2.7550     2.92006833E+000
  2.7650     2.93394767E+000
  2.7750     2.94786984E+000
  2.7850     2.96184701E+000
  2.7950     2.97588247E+000
  2.8050     2.98994222E+000
  2.8150     3.00406833E+000
  2.8250     3.01823552E+000
  2.8350     3.03244974E+000
  2.8450     3.04670666E+000
  2.8550     3.06100912E+000
  2.8650     3.07536944E+000
  2.8750     3.08977525E+000
  2.8850     3.10422242E+000
  2.8950     3.11872745E+000
  2.9050     3.13328342E+000
  2.9150     3.14788737E+000
  2.9250     3.16255504E+000
  2.9350     3.17727028E+000
  2.9450     3.19204870E+000
  2.9550     3.20686235E+000
  2.9650     3.22170992E+000
  2.9750     3.23662411E+000
  2.9850     3.25156815E+000
  2.9950     3.26657051E+000
  3.0050     3.28162668E+000
  3.0150     3.29673794E+000
  3.0250     3.31187876E+000
  3.0350     3.32707933E+000
  3.0450     3.34231973E+000
  3.0550     3.35761150E+000
  3.0650     3.37295858E+000
  3.0750     3.38834010E+000
  3.0850     3.40377392E+000
  3.0950     3.41926472E+000
  3.1050     3.43481501E+000
  3.1150     3.45039918E+000
  3.1250     3.46604305E+000
  3.1350     3.48172910E+000
  3.1450     3.49748907E+000
  3.1550     3.51329238E+000
  3.1650     3.52913208E+000
  3.1750     3.54501003E+000
  3.1850     3.56095429E+000
  3.1950     3.57693715E+000
  3.2050     3.59298383E+000
  3.2150     3.60905787E+000
  3.2250     3.62520087E+000
  3.2350     3.64139480E+000
  3.2450     3.65763164E+000
  3.2550     3.67390371E+000
  3.2650     3.69023564E+000
  3.2750     3.70660505E+000
  3.2850     3.72303692E+000
  3.2950     3.73952746E+000
  3.3050     3.75605804E+000
  3.3150     3.77263695E+000
  3.3250     3.78927244E+000
  3.3350     3.80596872E+000
  3.3450     3.82272355E+000
  3.3550     3.83950496E+000
  3.3650     3.85633827E+000
  3.3750     3.87321723E+000
  3.3850     3.89015593E+000
  3.3950     3.90714368E+000
  3.4050     3.92416356E+000
  3.4150     3.94124642E+000
  3.4250     3.95838061E+000
  3.4350     3.97555744E+000
  3.4450     3.99279287E+000
  3.4550     4.01006448E+000
  3.4650     4.02737834E+000
  3.4750     4.04476246E+000
  3.4850     4.06217898E+000
  3.4950     4.07965715E+000
  3.5050     4.09719179E+000
  3.5150     4.11475728E+000
  3.5250     4.13239167E+000
  3.5350     4.15007110E+000
  3.5450     4.16780159E+000
  3.5550     4.18558417E+000
  3.5650     4.20341593E+000
  3.5750     4.22129277E+000
  3.5850     4.23922406E+000
  3.5950     4.25719693E+000
  3.6050     4.27521832E+000
  3.6150     4.29329194E+000
  3.6250     4.31142951E+000
  3.6350     4.32959708E+000
  3.6450     4.34781616E+000
  3.6550     4.36609399E+000
  3.6650     4.38440638E+000
  3.6750     4.40278423E+000
  3.6850     4.42119365E+000
  3.6950     4.43966056E+000
  3.7050     4.45816836E+000
  3.7150     4.47674037E+000
  3.7250     4.49535816E+000
  3.7350     4.51401776E+000
  3.7450     4.53273585E+000
  3.7550     4.55148764E+000
  3.7650     4.57036012E+000
  3.7750     4.58923571E+000
  3.7850     4.60822240E+000
  3.7950     4.62717769E+000
  3.8050     4.64621458E+000
  3.8150     4.66535020E+000
  3.8250     4.68447451E+000
  3.8350     4.70379601E+000
  3.8450     4.72308908E+000
  3.8550     4.74238551E+000
  3.8650     4.76148185E+000
  3.8750     4.78109006E+000
  3.8850     4.80127643E+000
  3.8950     4.82201937E+000
  3.9050     4.84588912E+000
  3.9150     4.86226262E+000
  3.9250     4.87695879E+000
  3.9350     4.90948111E+000
  3.9450     4.92984401E+000
  3.9550     4.93311211E+000
