 -0.1775     1.66994998E-001
 -0.1725     1.65868178E-001
 -0.1675     1.63513527E-001
 -0.1625     1.49069148E-001
 -0.1575     1.38529916E-001
 -0.1525     1.33049922E-001
 -0.1475     1.30397709E-001
 -0.1425     1.25568097E-001
 -0.1375     1.20352442E-001
 -0.1325     1.14779887E-001
 -0.1275     1.09707939E-001
 -0.1225     1.04760294E-001
 -0.1175     9.97244212E-002
 -0.1125     9.46920432E-002
 -0.1075     8.98336612E-002
 -0.1025     8.47805137E-002
 -0.0975     7.98640705E-002
 -0.0925     7.48749474E-002
 -0.0875     6.99397920E-002
 -0.0825     6.49992158E-002
 -0.0775     6.01042568E-002
 -0.0725     5.51979961E-002
 -0.0675     5.03617116E-002
 -0.0625     4.55557877E-002
 -0.0575     4.07773136E-002
 -0.0525     3.60531092E-002
 -0.0475     3.14102971E-002
 -0.0425     2.68545582E-002
 -0.0375     2.24195309E-002
 -0.0325     1.81280462E-002
 -0.0275     1.40347293E-002
 -0.0225     1.02006675E-002
 -0.0175     6.70638101E-003
 -0.0125     3.69516260E-003
 -0.0075     1.35577739E-003
 -0.0025     0.00000000E+000
  0.0025     5.07132685E-006
  0.0075     1.36299258E-003
  0.0125     3.70804020E-003
  0.0175     6.73179630E-003
  0.0225     1.02323906E-002
  0.0275     1.40834608E-002
  0.0325     1.81866175E-002
  0.0375     2.24808162E-002
  0.0425     2.69257105E-002
  0.0475     3.14832445E-002
  0.0525     3.61296146E-002
  0.0575     4.08485551E-002
  0.0625     4.56265675E-002
  0.0675     5.04456528E-002
  0.0725     5.53065153E-002
  0.0775     6.01945944E-002
  0.0825     6.51056518E-002
  0.0875     7.00336323E-002
  0.0925     7.49779374E-002
  0.0975     7.99347712E-002
  0.1025     8.49008134E-002
  0.1075     8.98750905E-002
  0.1125     9.48536145E-002
  0.1175     9.98436775E-002
  0.1225     1.04839800E-001
  0.1275     1.09835732E-001
  0.1325     1.14830975E-001
  0.1375     1.19831621E-001
  0.1425     1.24835560E-001
  0.1475     1.29842264E-001
  0.1525     1.34846510E-001
  0.1575     1.39853219E-001
  0.1625     1.44860149E-001
  0.1675     1.49870298E-001
  0.1725     1.54876185E-001
  0.1775     1.59887150E-001
  0.1825     1.64896493E-001
  0.1875     1.69909218E-001
  0.1925     1.74919100E-001
  0.1975     1.79928798E-001
  0.2025     1.84940511E-001
  0.2075     1.89951346E-001
  0.2125     1.94962572E-001
  0.2175     1.99972517E-001
  0.2225     2.04984305E-001
  0.2275     2.09996062E-001
  0.2325     2.15008265E-001
  0.2375     2.20019417E-001
  0.2425     2.25028778E-001
  0.2475     2.30040450E-001
  0.2525     2.35053862E-001
  0.2575     2.40066426E-001
  0.2625     2.45079585E-001
  0.2675     2.50090290E-001
  0.2725     2.55106006E-001
  0.2775     2.60117339E-001
  0.2825     2.65127400E-001
  0.2875     2.70137500E-001
  0.2925     2.75150514E-001
  0.2975     2.80163546E-001
  0.3025     2.85173172E-001
  0.3075     2.90186387E-001
  0.3125     2.95198694E-001
  0.3175     3.00210752E-001
  0.3225     3.05216973E-001
  0.3275     3.10223231E-001
  0.3325     3.15233373E-001
  0.3375     3.20242615E-001
  0.3425     3.25252729E-001
  0.3475     3.30261042E-001
  0.3525     3.35270384E-001
  0.3575     3.40280278E-001
  0.3625     3.45286371E-001
  0.3675     3.50294399E-001
  0.3725     3.55304430E-001
  0.3775     3.60311771E-001
  0.3825     3.65315529E-001
  0.3875     3.70324145E-001
  0.3925     3.75340897E-001
  0.3975     3.80349546E-001
  0.4025     3.85359761E-001
  0.4075     3.90372525E-001
  0.4125     3.95384120E-001
  0.4175     4.00397951E-001
  0.4225     4.05412517E-001
  0.4275     4.10422644E-001
  0.4325     4.15430837E-001
  0.4375     4.20445752E-001
  0.4425     4.25457372E-001
  0.4475     4.30471327E-001
  0.4525     4.35482841E-001
  0.4575     4.40497009E-001
  0.4625     4.45512268E-001
  0.4675     4.50527474E-001
  0.4725     4.55538669E-001
  0.4775     4.60550149E-001
  0.4825     4.65564496E-001
  0.4875     4.70577120E-001
  0.4925     4.75587400E-001
  0.4975     4.80597484E-001
  0.5025     4.85609741E-001
  0.5075     4.90621833E-001
  0.5125     4.95633871E-001
  0.5175     5.00647542E-001
  0.5225     5.05661578E-001
  0.5275     5.10673377E-001
  0.5325     5.15686995E-001
  0.5375     5.20699167E-001
  0.5425     5.25711670E-001
  0.5475     5.30724790E-001
  0.5525     5.35736788E-001
  0.5575     5.40749917E-001
  0.5625     5.45761769E-001
  0.5675     5.50774649E-001
  0.5725     5.55785519E-001
  0.5775     5.60798655E-001
  0.5825     5.65809473E-001
  0.5875     5.70823852E-001
  0.5925     5.75838342E-001
  0.5975     5.80848224E-001
  0.6025     5.85856391E-001
  0.6075     5.90862626E-001
  0.6125     5.95879881E-001
  0.6175     6.00891654E-001
  0.6225     6.05900906E-001
  0.6275     6.10912665E-001
  0.6325     6.15924427E-001
  0.6375     6.20938589E-001
  0.6425     6.25949535E-001
  0.6475     6.30967343E-001
  0.6525     6.35979862E-001
  0.6575     6.40990798E-001
  0.6625     6.46000887E-001
  0.6675     6.51015979E-001
  0.6725     6.56027267E-001
  0.6775     6.61038966E-001
  0.6825     6.66053597E-001
  0.6875     6.71062642E-001
  0.6925     6.76072993E-001
  0.6975     6.81086547E-001
  0.7025     6.86101047E-001
  0.7075     6.91114277E-001
  0.7125     6.96124772E-001
  0.7175     7.01136120E-001
  0.7225     7.06148090E-001
  0.7275     7.11161536E-001
  0.7325     7.16174034E-001
  0.7375     7.21187271E-001
  0.7425     7.26200021E-001
  0.7475     7.31212707E-001
  0.7525     7.36226388E-001
  0.7575     7.41237060E-001
  0.7625     7.46247901E-001
  0.7675     7.51262761E-001
  0.7725     7.56276644E-001
  0.7775     7.61288474E-001
  0.7825     7.66302627E-001
  0.7875     7.71313037E-001
  0.7925     7.76326286E-001
  0.7975     7.81337732E-001
  0.8025     7.86346906E-001
  0.8075     7.91358731E-001
  0.8125     7.96370727E-001
  0.8175     8.01384694E-001
  0.8225     8.06393622E-001
  0.8275     8.11405455E-001
  0.8325     8.16416424E-001
  0.8375     8.21427496E-001
  0.8425     8.26437027E-001
  0.8475     8.31449873E-001
  0.8525     8.36461500E-001
  0.8575     8.41471484E-001
  0.8625     8.46483274E-001
  0.8675     8.51492833E-001
  0.8725     8.56505014E-001
  0.8775     8.61517843E-001
  0.8825     8.66531681E-001
  0.8875     8.71542745E-001
  0.8925     8.76553306E-001
  0.8975     8.81568560E-001
  0.9025     8.86582349E-001
  0.9075     8.91596315E-001
  0.9125     8.96609218E-001
  0.9175     9.01621788E-001
  0.9225     9.06635099E-001
  0.9275     9.11648476E-001
  0.9325     9.16656197E-001
  0.9375     9.21674271E-001
  0.9425     9.26687223E-001
  0.9475     9.31698198E-001
  0.9525     9.36711903E-001
  0.9575     9.41726875E-001
  0.9625     9.46738572E-001
  0.9675     9.51755492E-001
  0.9725     9.56765446E-001
  0.9775     9.61777258E-001
  0.9825     9.66788897E-001
  0.9875     9.71800301E-001
  0.9925     9.76814440E-001
  0.9975     9.81830196E-001
  1.0025     9.86842956E-001
  1.0075     9.91855665E-001
  1.0125     9.96866366E-001
  1.0175     1.00187595E+000
  1.0225     1.00688769E+000
  1.0275     1.01190187E+000
  1.0325     1.01691566E+000
  1.0375     1.02192935E+000
  1.0425     1.02694093E+000
  1.0475     1.03195574E+000
  1.0525     1.03697007E+000
  1.0575     1.04198144E+000
  1.0625     1.04699799E+000
  1.0675     1.05200868E+000
  1.0725     1.05702609E+000
  1.0775     1.06203862E+000
  1.0825     1.06705054E+000
  1.0875     1.07206336E+000
  1.0925     1.07707452E+000
  1.0975     1.08208857E+000
  1.1025     1.08710595E+000
  1.1075     1.09211438E+000
  1.1125     1.09713100E+000
  1.1175     1.10214713E+000
  1.1225     1.10716018E+000
  1.1275     1.11217395E+000
  1.1325     1.11719043E+000
  1.1375     1.12220637E+000
  1.1425     1.12722282E+000
  1.1475     1.13223824E+000
  1.1525     1.13725122E+000
  1.1575     1.14226262E+000
  1.1625     1.14727368E+000
  1.1675     1.15228597E+000
  1.1725     1.15729998E+000
  1.1775     1.16231219E+000
  1.1825     1.16732228E+000
  1.1875     1.17233230E+000
  1.1925     1.17734828E+000
  1.1975     1.18235769E+000
  1.2025     1.18737033E+000
  1.2075     1.19238279E+000
  1.2125     1.19739171E+000
  1.2175     1.20240338E+000
  1.2225     1.20741625E+000
  1.2275     1.21242889E+000
  1.2325     1.21743861E+000
  1.2375     1.22245063E+000
  1.2425     1.22746142E+000
  1.2475     1.23247257E+000
  1.2525     1.23748432E+000
  1.2575     1.24249692E+000
  1.2625     1.24750778E+000
  1.2675     1.25251962E+000
  1.2725     1.25753079E+000
  1.2775     1.26254096E+000
  1.2825     1.26755324E+000
  1.2875     1.27256275E+000
  1.2925     1.27757365E+000
  1.2975     1.28258469E+000
  1.3025     1.28759825E+000
  1.3075     1.29260911E+000
  1.3125     1.29761921E+000
  1.3175     1.30262686E+000
  1.3225     1.30763892E+000
  1.3275     1.31265227E+000
  1.3325     1.31766291E+000
  1.3375     1.32267279E+000
  1.3425     1.32767889E+000
  1.3475     1.33269261E+000
  1.3525     1.33770494E+000
  1.3575     1.34271276E+000
  1.3625     1.34772568E+000
  1.3675     1.35273888E+000
  1.3725     1.35775063E+000
  1.3775     1.36276711E+000
  1.3825     1.36777965E+000
  1.3875     1.37279153E+000
  1.3925     1.37780610E+000
  1.3975     1.38281614E+000
  1.4025     1.38782883E+000
  1.4075     1.39284197E+000
  1.4125     1.39785407E+000
  1.4175     1.40286962E+000
  1.4225     1.40788243E+000
  1.4275     1.41289658E+000
  1.4325     1.41791090E+000
  1.4375     1.42292351E+000
  1.4425     1.42793711E+000
  1.4475     1.43295105E+000
  1.4525     1.43796342E+000
  1.4575     1.44297656E+000
  1.4625     1.44799037E+000
  1.4675     1.45300332E+000
  1.4725     1.45801844E+000
  1.4775     1.46303247E+000
  1.4825     1.46804568E+000
  1.4875     1.47305786E+000
  1.4925     1.47807062E+000
  1.4975     1.48308279E+000
  1.5025     1.48809787E+000
  1.5075     1.49310806E+000
  1.5125     1.49812117E+000
  1.5175     1.50313682E+000
  1.5225     1.50815103E+000
  1.5275     1.51315990E+000
  1.5325     1.51817203E+000
  1.5375     1.52318623E+000
  1.5425     1.52819644E+000
  1.5475     1.53321060E+000
  1.5525     1.53822233E+000
  1.5575     1.54323180E+000
  1.5625     1.54824075E+000
  1.5675     1.55325621E+000
  1.5725     1.55827013E+000
  1.5775     1.56328342E+000
  1.5825     1.56829570E+000
  1.5875     1.57330674E+000
  1.5925     1.57831979E+000
  1.5975     1.58333819E+000
  1.6025     1.58834834E+000
  1.6075     1.59336146E+000
  1.6125     1.59837384E+000
  1.6175     1.60338445E+000
  1.6225     1.60840269E+000
  1.6275     1.61341400E+000
  1.6325     1.61842594E+000
  1.6375     1.62344264E+000
  1.6425     1.62845947E+000
  1.6475     1.63347652E+000
  1.6525     1.63849127E+000
  1.6575     1.64350521E+000
  1.6625     1.64851955E+000
  1.6675     1.65354012E+000
  1.6725     1.65856190E+000
  1.6775     1.66357860E+000
  1.6825     1.66859652E+000
  1.6875     1.67361660E+000
  1.6925     1.67863837E+000
  1.6975     1.68365851E+000
  1.7025     1.68867868E+000
  1.7075     1.69369881E+000
  1.7125     1.69872282E+000
  1.7175     1.70374761E+000
  1.7225     1.70877225E+000
  1.7275     1.71379402E+000
  1.7325     1.71882175E+000
  1.7375     1.72384740E+000
  1.7425     1.72887434E+000
  1.7475     1.73390503E+000
  1.7525     1.73893589E+000
  1.7575     1.74396820E+000
  1.7625     1.74900336E+000
  1.7675     1.75403787E+000
  1.7725     1.75907309E+000
  1.7775     1.76411179E+000
  1.7825     1.76915045E+000
  1.7875     1.77419336E+000
  1.7925     1.77923589E+000
  1.7975     1.78428024E+000
  1.8025     1.78933333E+000
  1.8075     1.79438225E+000
  1.8125     1.79943300E+000
  1.8175     1.80449254E+000
  1.8225     1.80954861E+000
  1.8275     1.81460826E+000
  1.8325     1.81967240E+000
  1.8375     1.82474057E+000
  1.8425     1.82981045E+000
  1.8475     1.83488310E+000
  1.8525     1.83995936E+000
  1.8575     1.84503524E+000
  1.8625     1.85011969E+000
  1.8675     1.85521390E+000
  1.8725     1.86030693E+000
  1.8775     1.86540153E+000
  1.8825     1.87050524E+000
  1.8875     1.87561046E+000
  1.8925     1.88071996E+000
  1.8975     1.88583010E+000
  1.9025     1.89095172E+000
  1.9075     1.89607251E+000
  1.9125     1.90119966E+000
  1.9175     1.90633683E+000
  1.9225     1.91147548E+000
  1.9275     1.91662040E+000
  1.9325     1.92176893E+000
  1.9375     1.92692687E+000
  1.9425     1.93208740E+000
  1.9475     1.93725445E+000
  1.9525     1.94242934E+000
  1.9575     1.94760990E+000
  1.9625     1.95279565E+000
  1.9675     1.95798254E+000
  1.9725     1.96318272E+000
  1.9775     1.96838662E+000
  1.9825     1.97359704E+000
  1.9875     1.97881408E+000
  1.9925     1.98403859E+000
  1.9975     1.98926919E+000
  2.0025     1.99450486E+000
  2.0075     1.99975027E+000
  2.0125     2.00500852E+000
  2.0175     2.01026660E+000
  2.0225     2.01553605E+000
  2.0275     2.02081347E+000
  2.0325     2.02609480E+000
  2.0375     2.03138732E+000
  2.0425     2.03669192E+000
  2.0475     2.04199710E+000
  2.0525     2.04731142E+000
  2.0575     2.05263343E+000
  2.0625     2.05796733E+000
  2.0675     2.06330744E+000
  2.0725     2.06865876E+000
  2.0775     2.07401705E+000
  2.0825     2.07938418E+000
  2.0875     2.08476023E+000
  2.0925     2.09014534E+000
  2.0975     2.09553686E+000
  2.1025     2.10093991E+000
  2.1075     2.10634897E+000
  2.1125     2.11177046E+000
  2.1175     2.11720039E+000
  2.1225     2.12263712E+000
  2.1275     2.12808109E+000
  2.1325     2.13354291E+000
  2.1375     2.13900239E+000
  2.1425     2.14448101E+000
  2.1475     2.14996438E+000
  2.1525     2.15546085E+000
  2.1575     2.16096580E+000
  2.1625     2.16648085E+000
  2.1675     2.17200454E+000
  2.1725     2.17754104E+000
  2.1775     2.18308434E+000
  2.1825     2.18863727E+000
  2.1875     2.19420028E+000
  2.1925     2.19977400E+000
  2.1975     2.20535478E+000
  2.2025     2.21094963E+000
  2.2075     2.21655436E+000
  2.2125     2.22217023E+000
  2.2175     2.22779509E+000
  2.2225     2.23342624E+000
  2.2275     2.23907296E+000
  2.2325     2.24472828E+000
  2.2375     2.25039110E+000
  2.2425     2.25606623E+000
  2.2475     2.26175498E+000
  2.2525     2.26744954E+000
  2.2575     2.27315413E+000
  2.2625     2.27887695E+000
  2.2675     2.28460123E+000
  2.2725     2.29033924E+000
  2.2775     2.29608971E+000
  2.2825     2.30185004E+000
  2.2875     2.30761846E+000
  2.2925     2.31340386E+000
  2.2975     2.31919138E+000
  2.3025     2.32499368E+000
  2.3075     2.33080478E+000
  2.3125     2.33662937E+000
  2.3175     2.34246185E+000
  2.3225     2.34831432E+000
  2.3275     2.35417055E+000
  2.3325     2.36003822E+000
  2.3375     2.36592017E+000
  2.3425     2.37180905E+000
  2.3475     2.37771131E+000
  2.3525     2.38362484E+000
  2.3575     2.38954756E+000
  2.3625     2.39548079E+000
  2.3675     2.40142671E+000
  2.3725     2.40738147E+000
  2.3775     2.41334703E+000
  2.3825     2.41932400E+000
  2.3875     2.42531413E+000
  2.3925     2.43131489E+000
  2.3975     2.43732715E+000
  2.4025     2.44335138E+000
  2.4075     2.44938816E+000
  2.4125     2.45543350E+000
  2.4175     2.46149022E+000
  2.4225     2.46755639E+000
  2.4275     2.47363681E+000
  2.4325     2.47972653E+000
  2.4375     2.48582940E+000
  2.4425     2.49194242E+000
  2.4475     2.49806448E+000
  2.4525     2.50420357E+000
  2.4575     2.51035103E+000
  2.4625     2.51650635E+000
  2.4675     2.52267746E+000
  2.4725     2.52885978E+000
  2.4775     2.53505012E+000
  2.4825     2.54125390E+000
  2.4875     2.54746898E+000
  2.4925     2.55369246E+000
  2.4975     2.55993199E+000
  2.5025     2.56618532E+000
  2.5075     2.57244457E+000
  2.5125     2.57872363E+000
  2.5175     2.58500623E+000
  2.5225     2.59130239E+000
  2.5275     2.59760895E+000
  2.5325     2.60392881E+000
  2.5375     2.61026009E+000
  2.5425     2.61660313E+000
  2.5475     2.62295724E+000
  2.5525     2.62932116E+000
  2.5575     2.63569892E+000
  2.5625     2.64208646E+000
  2.5675     2.64848666E+000
  2.5725     2.65489575E+000
  2.5775     2.66131943E+000
  2.5825     2.66775663E+000
  2.5875     2.67419976E+000
  2.5925     2.68066115E+000
  2.5975     2.68712897E+000
  2.6025     2.69360986E+000
  2.6075     2.70010415E+000
  2.6125     2.70660490E+000
  2.6175     2.71311962E+000
  2.6225     2.71965208E+000
  2.6275     2.72618923E+000
  2.6325     2.73273562E+000
  2.6375     2.73930224E+000
  2.6425     2.74587356E+000
  2.6475     2.75245980E+000
  2.6525     2.75905839E+000
  2.6575     2.76566784E+000
  2.6625     2.77228520E+000
  2.6675     2.77891356E+000
  2.6725     2.78556008E+000
  2.6775     2.79221645E+000
  2.6825     2.79887879E+000
  2.6875     2.80556278E+000
  2.6925     2.81225120E+000
  2.6975     2.81894798E+000
  2.7025     2.82566130E+000
  2.7075     2.83238624E+000
  2.7125     2.83911895E+000
  2.7175     2.84586667E+000
  2.7225     2.85263376E+000
  2.7275     2.85940465E+000
  2.7325     2.86618950E+000
  2.7375     2.87298290E+000
  2.7425     2.87979467E+000
  2.7475     2.88661135E+000
  2.7525     2.89344208E+000
  2.7575     2.90028347E+000
  2.7625     2.90713535E+000
  2.7675     2.91400051E+000
  2.7725     2.92087546E+000
  2.7775     2.92776167E+000
  2.7825     2.93466498E+000
  2.7875     2.94157458E+000
  2.7925     2.94849536E+000
  2.7975     2.95542948E+000
  2.8025     2.96237651E+000
  2.8075     2.96933092E+000
  2.8125     2.97630191E+000
  2.8175     2.98328039E+000
  2.8225     2.99027075E+000
  2.8275     2.99727316E+000
  2.8325     3.00428973E+000
  2.8375     3.01131553E+000
  2.8425     3.01835322E+000
  2.8475     3.02540555E+000
  2.8525     3.03246507E+000
  2.8575     3.03953917E+000
  2.8625     3.04661964E+000
  2.8675     3.05371975E+000
  2.8725     3.06082474E+000
  2.8775     3.06794398E+000
  2.8825     3.07507918E+000
  2.8875     3.08221928E+000
  2.8925     3.08937399E+000
  2.8975     3.09653606E+000
  2.9025     3.10371437E+000
  2.9075     3.11090081E+000
  2.9125     3.11810308E+000
  2.9175     3.12531517E+000
  2.9225     3.13254225E+000
  2.9275     3.13977409E+000
  2.9325     3.14701407E+000
  2.9375     3.15427853E+000
  2.9425     3.16155189E+000
  2.9475     3.16883138E+000
  2.9525     3.17612466E+000
  2.9575     3.18342489E+000
  2.9625     3.19074619E+000
  2.9675     3.19806826E+000
  2.9725     3.20540226E+000
  2.9775     3.21275116E+000
  2.9825     3.22011219E+000
  2.9875     3.22748380E+000
  2.9925     3.23486869E+000
  2.9975     3.24226467E+000
  3.0025     3.24966962E+000
  3.0075     3.25709079E+000
  3.0125     3.26452066E+000
  3.0175     3.27195767E+000
  3.0225     3.27941132E+000
  3.0275     3.28687387E+000
  3.0325     3.29434959E+000
  3.0375     3.30183649E+000
  3.0425     3.30932736E+000
  3.0475     3.31683503E+000
  3.0525     3.32435583E+000
  3.0575     3.33188828E+000
  3.0625     3.33942986E+000
  3.0675     3.34698437E+000
  3.0725     3.35454777E+000
  3.0775     3.36212745E+000
  3.0825     3.36971661E+000
  3.0875     3.37731547E+000
  3.0925     3.38492768E+000
  3.0975     3.39254738E+000
  3.1025     3.40018102E+000
  3.1075     3.40782462E+000
  3.1125     3.41547554E+000
  3.1175     3.42314127E+000
  3.1225     3.43081838E+000
  3.1275     3.43851105E+000
  3.1325     3.44620565E+000
  3.1375     3.45391634E+000
  3.1425     3.46164015E+000
  3.1475     3.46936806E+000
  3.1525     3.47711841E+000
  3.1575     3.48487086E+000
  3.1625     3.49263755E+000
  3.1675     3.50041179E+000
  3.1725     3.50819896E+000
  3.1775     3.51600162E+000
  3.1825     3.52381018E+000
  3.1875     3.53162985E+000
  3.1925     3.53946502E+000
  3.1975     3.54730431E+000
  3.2025     3.55515742E+000
  3.2075     3.56302413E+000
  3.2125     3.57089972E+000
  3.2175     3.57878426E+000
  3.2225     3.58668019E+000
  3.2275     3.59458700E+000
  3.2325     3.60250206E+000
  3.2375     3.61043248E+000
  3.2425     3.61836876E+000
  3.2475     3.62631297E+000
  3.2525     3.63427018E+000
  3.2575     3.64223855E+000
  3.2625     3.65022200E+000
  3.2675     3.65821392E+000
  3.2725     3.66621409E+000
  3.2775     3.67422136E+000
  3.2825     3.68224346E+000
  3.2875     3.69027018E+000
  3.2925     3.69830751E+000
  3.2975     3.70636121E+000
  3.3025     3.71441904E+000
  3.3075     3.72249114E+000
  3.3125     3.73056396E+000
  3.3175     3.73866076E+000
  3.3225     3.74675685E+000
  3.3275     3.75487142E+000
  3.3325     3.76299177E+000
  3.3375     3.77112351E+000
  3.3425     3.77926627E+000
  3.3475     3.78741576E+000
  3.3525     3.79557995E+000
  3.3575     3.80374467E+000
  3.3625     3.81192504E+000
  3.3675     3.82011592E+000
  3.3725     3.82831401E+000
  3.3775     3.83652242E+000
  3.3825     3.84474603E+000
  3.3875     3.85296869E+000
  3.3925     3.86120032E+000
  3.3975     3.86944651E+000
  3.4025     3.87770440E+000
  3.4075     3.88596679E+000
  3.4125     3.89423669E+000
  3.4175     3.90252143E+000
  3.4225     3.91080622E+000
  3.4275     3.91910643E+000
  3.4325     3.92741179E+000
  3.4375     3.93572636E+000
  3.4425     3.94405312E+000
  3.4475     3.95238516E+000
  3.4525     3.96073091E+000
  3.4575     3.96908362E+000
  3.4625     3.97743831E+000
  3.4675     3.98580278E+000
  3.4725     3.99417680E+000
  3.4775     4.00256125E+000
  3.4825     4.01094737E+000
  3.4875     4.01934725E+000
  3.4925     4.02775981E+000
  3.4975     4.03617482E+000
  3.5025     4.04459876E+000
  3.5075     4.05303274E+000
  3.5125     4.06146344E+000
  3.5175     4.06990560E+000
  3.5225     4.07836490E+000
  3.5275     4.08682166E+000
  3.5325     4.09529003E+000
  3.5375     4.10377023E+000
  3.5425     4.11224821E+000
  3.5475     4.12073933E+000
  3.5525     4.12923583E+000
  3.5575     4.13774481E+000
  3.5625     4.14625073E+000
  3.5675     4.15477462E+000
  3.5725     4.16329474E+000
  3.5775     4.17182165E+000
  3.5825     4.18035585E+000
  3.5875     4.18889828E+000
  3.5925     4.19744179E+000
  3.5975     4.20599671E+000
  3.6025     4.21455059E+000
  3.6075     4.22311671E+000
  3.6125     4.23168702E+000
  3.6175     4.24026075E+000
  3.6225     4.24883843E+000
  3.6275     4.25742348E+000
  3.6325     4.26600995E+000
  3.6375     4.27460047E+000
  3.6425     4.28320334E+000
  3.6475     4.29180681E+000
  3.6525     4.30041348E+000
  3.6575     4.30902895E+000
  3.6625     4.31764548E+000
  3.6675     4.32626538E+000
  3.6725     4.33488504E+000
  3.6775     4.34351458E+000
  3.6825     4.35214528E+000
  3.6875     4.36077430E+000
  3.6925     4.36941603E+000
  3.6975     4.37805254E+000
  3.7025     4.38670108E+000
  3.7075     4.39534771E+000
  3.7125     4.40400036E+000
  3.7175     4.41265744E+000
  3.7225     4.42131387E+000
  3.7275     4.42996974E+000
  3.7325     4.43863321E+000
  3.7375     4.44730418E+000
  3.7425     4.45597549E+000
  3.7475     4.46464759E+000
  3.7525     4.47332149E+000
  3.7575     4.48199816E+000
  3.7625     4.49068370E+000
  3.7675     4.49936403E+000
  3.7725     4.50804540E+000
  3.7775     4.51673748E+000
  3.7825     4.52542283E+000
  3.7875     4.53411571E+000
  3.7925     4.54281577E+000
  3.7975     4.55150551E+000
  3.8025     4.56019510E+000
  3.8075     4.56889670E+000
  3.8125     4.57759279E+000
  3.8175     4.58629767E+000
  3.8225     4.59499087E+000
  3.8275     4.60369741E+000
  3.8325     4.61239854E+000
  3.8375     4.62109553E+000
  3.8425     4.62980363E+000
  3.8475     4.63850547E+000
  3.8525     4.64721638E+000
  3.8575     4.65591801E+000
  3.8625     4.66462399E+000
  3.8675     4.67332751E+000
  3.8725     4.68204061E+000
  3.8775     4.69075092E+000
  3.8825     4.69945617E+000
  3.8875     4.70816549E+000
  3.8925     4.71686905E+000
  3.8975     4.72558298E+000
  3.9025     4.73428925E+000
  3.9075     4.74299643E+000
  3.9125     4.75170872E+000
  3.9175     4.76041363E+000
  3.9225     4.76912612E+000
  3.9275     4.77783419E+000
  3.9325     4.78654858E+000
  3.9375     4.79525181E+000
  3.9425     4.80395769E+000
  3.9475     4.81267033E+000
  3.9525     4.82138073E+000
  3.9575     4.83008973E+000
  3.9625     4.83879666E+000
  3.9675     4.84750870E+000
  3.9725     4.85621565E+000
  3.9775     4.86491741E+000
  3.9825     4.87362648E+000
  3.9875     4.88232828E+000
  3.9925     4.89103799E+000
  3.9975     4.89974260E+000
  4.0025     4.90844493E+000
  4.0075     4.91715864E+000
  4.0125     4.92585972E+000
  4.0175     4.93457290E+000
  4.0225     4.94327930E+000
  4.0275     4.95198309E+000
  4.0325     4.96069652E+000
  4.0375     4.96940451E+000
  4.0425     4.97811694E+000
  4.0475     4.98682469E+000
  4.0525     4.99553640E+000
  4.0575     5.00424671E+000
  4.0625     5.01295767E+000
  4.0675     5.02166792E+000
  4.0725     5.03037593E+000
  4.0775     5.03908757E+000
  4.0825     5.04780489E+000
  4.0875     5.05651351E+000
  4.0925     5.06522559E+000
  4.0975     5.07393864E+000
  4.1025     5.08265370E+000
  4.1075     5.09136895E+000
  4.1125     5.10008145E+000
  4.1175     5.10879031E+000
  4.1225     5.11750698E+000
  4.1275     5.12621968E+000
  4.1325     5.13493545E+000
  4.1375     5.14364297E+000
  4.1425     5.15235792E+000
  4.1475     5.16106611E+000
  4.1525     5.16978447E+000
  4.1575     5.17849718E+000
  4.1625     5.18720772E+000
  4.1675     5.19591975E+000
  4.1725     5.20463921E+000
  4.1775     5.21335118E+000
  4.1825     5.22206074E+000
  4.1875     5.23077593E+000
  4.1925     5.23949049E+000
  4.1975     5.24820385E+000
  4.2025     5.25691196E+000
  4.2075     5.26562383E+000
  4.2125     5.27434044E+000
  4.2175     5.28305652E+000
  4.2225     5.29177303E+000
  4.2275     5.30048682E+000
  4.2325     5.30920250E+000
  4.2375     5.31792055E+000
  4.2425     5.32663183E+000
  4.2475     5.33534735E+000
  4.2525     5.34405368E+000
  4.2575     5.35276787E+000
  4.2625     5.36148145E+000
  4.2675     5.37019681E+000
  4.2725     5.37890444E+000
  4.2775     5.38762299E+000
  4.2825     5.39633072E+000
  4.2875     5.40505122E+000
  4.2925     5.41376166E+000
  4.2975     5.42247703E+000
  4.3025     5.43119636E+000
  4.3075     5.43990285E+000
  4.3125     5.44861763E+000
  4.3175     5.45732846E+000
  4.3225     5.46603687E+000
  4.3275     5.47474700E+000
  4.3325     5.48345626E+000
  4.3375     5.49216850E+000
  4.3425     5.50087802E+000
  4.3475     5.50958932E+000
  4.3525     5.51830059E+000
  4.3575     5.52700901E+000
  4.3625     5.53572137E+000
  4.3675     5.54442394E+000
  4.3725     5.55313719E+000
  4.3775     5.56184977E+000
  4.3825     5.57055886E+000
  4.3875     5.57926496E+000
  4.3925     5.58798055E+000
  4.3975     5.59669072E+000
  4.4025     5.60540249E+000
  4.4075     5.61410824E+000
  4.4125     5.62281273E+000
  4.4175     5.63152337E+000
  4.4225     5.64023471E+000
  4.4275     5.64894499E+000
  4.4325     5.65765657E+000
  4.4375     5.66636932E+000
  4.4425     5.67508102E+000
  4.4475     5.68379274E+000
  4.4525     5.69250366E+000
  4.4575     5.70120825E+000
  4.4625     5.70991801E+000
  4.4675     5.71862985E+000
  4.4725     5.72734229E+000
  4.4775     5.73605977E+000
  4.4825     5.74477753E+000
  4.4875     5.75349215E+000
  4.4925     5.76221781E+000
  4.4975     5.77093969E+000
  4.5025     5.77964983E+000
  4.5075     5.78837398E+000
  4.5125     5.79709826E+000
  4.5175     5.80581204E+000
  4.5225     5.81454583E+000
  4.5275     5.82327199E+000
  4.5325     5.83200158E+000
  4.5375     5.84072559E+000
  4.5425     5.84946230E+000
  4.5475     5.85817519E+000
  4.5525     5.86690547E+000
  4.5575     5.87563146E+000
  4.5625     5.88435552E+000
  4.5675     5.89307902E+000
  4.5725     5.90181014E+000
  4.5775     5.91052761E+000
  4.5825     5.91925821E+000
  4.5875     5.92798319E+000
  4.5925     5.93670231E+000
  4.5975     5.94542248E+000
  4.6025     5.95415080E+000
  4.6075     5.96286473E+000
  4.6125     5.97158374E+000
  4.6175     5.98031138E+000
  4.6225     5.98903191E+000
  4.6275     5.99775081E+000
  4.6325     6.00647738E+000
  4.6375     6.01519720E+000
  4.6425     6.02392137E+000
  4.6475     6.03263761E+000
  4.6525     6.04136285E+000
  4.6575     6.05008214E+000
  4.6625     6.05880463E+000
  4.6675     6.06752298E+000
  4.6725     6.07623876E+000
  4.6775     6.08495606E+000
  4.6825     6.09367962E+000
  4.6875     6.10239802E+000
  4.6925     6.11112106E+000
  4.6975     6.11984610E+000
  4.7025     6.12856641E+000
  4.7075     6.13728389E+000
  4.7125     6.14600810E+000
  4.7175     6.15471642E+000
  4.7225     6.16343984E+000
  4.7275     6.17215428E+000
  4.7325     6.18087079E+000
  4.7375     6.18958157E+000
  4.7425     6.19830380E+000
  4.7475     6.20701412E+000
  4.7525     6.21571818E+000
  4.7575     6.22444406E+000
  4.7625     6.23314938E+000
  4.7675     6.24186403E+000
  4.7725     6.25055450E+000
  4.7775     6.25926505E+000
  4.7825     6.26796462E+000
  4.7875     6.27667652E+000
  4.7925     6.28538733E+000
  4.7975     6.29409290E+000
  4.8025     6.30279682E+000
  4.8075     6.31150632E+000
  4.8125     6.32020145E+000
  4.8175     6.32890666E+000
  4.8225     6.33761039E+000
  4.8275     6.34633044E+000
  4.8325     6.35503610E+000
  4.8375     6.36374386E+000
  4.8425     6.37245609E+000
  4.8475     6.38116566E+000
  4.8525     6.38987229E+000
  4.8575     6.39857931E+000
  4.8625     6.40728929E+000
  4.8675     6.41599501E+000
  4.8725     6.42470246E+000
  4.8775     6.43341042E+000
  4.8825     6.44211695E+000
  4.8875     6.45083310E+000
  4.8925     6.45953858E+000
  4.8975     6.46825369E+000
  4.9025     6.47696396E+000
  4.9075     6.48567612E+000
  4.9125     6.49438623E+000
  4.9175     6.50310163E+000
  4.9225     6.51180506E+000
  4.9275     6.52051352E+000
  4.9325     6.52922839E+000
  4.9375     6.53793969E+000
  4.9425     6.54665268E+000
  4.9475     6.55535683E+000
  4.9525     6.56406682E+000
  4.9575     6.57277680E+000
  4.9625     6.58148830E+000
  4.9675     6.59020428E+000
  4.9725     6.59890981E+000
  4.9775     6.60762290E+000
  4.9825     6.61634115E+000
  4.9875     6.62505471E+000
  4.9925     6.63376071E+000
  4.9975     6.64246569E+000
  5.0025     6.65117791E+000
  5.0075     6.65988924E+000
  5.0125     6.66861089E+000
  5.0175     6.67731312E+000
  5.0225     6.68601997E+000
  5.0275     6.69471611E+000
  5.0325     6.70341921E+000
  5.0375     6.71214030E+000
  5.0425     6.72083943E+000
  5.0475     6.72953395E+000
  5.0525     6.73825401E+000
  5.0575     6.74695866E+000
  5.0625     6.75566114E+000
  5.0675     6.76436483E+000
  5.0725     6.77307339E+000
  5.0775     6.78178486E+000
  5.0825     6.79049492E+000
  5.0875     6.79919820E+000
  5.0925     6.80790246E+000
  5.0975     6.81661787E+000
  5.1025     6.82532110E+000
  5.1075     6.83403237E+000
  5.1125     6.84274190E+000
  5.1175     6.85145276E+000
  5.1225     6.86016888E+000
  5.1275     6.86886599E+000
  5.1325     6.87757849E+000
  5.1375     6.88628651E+000
  5.1425     6.89499323E+000
  5.1475     6.90370369E+000
  5.1525     6.91241962E+000
  5.1575     6.92112518E+000
  5.1625     6.92984016E+000
  5.1675     6.93855063E+000
  5.1725     6.94726842E+000
  5.1775     6.95598457E+000
  5.1825     6.96469926E+000
  5.1875     6.97341023E+000
  5.1925     6.98212625E+000
  5.1975     6.99083989E+000
  5.2025     6.99955724E+000
  5.2075     7.00826354E+000
  5.2125     7.01697640E+000
  5.2175     7.02569281E+000
  5.2225     7.03441092E+000
  5.2275     7.04311573E+000
  5.2325     7.05182464E+000
  5.2375     7.06054119E+000
  5.2425     7.06926183E+000
  5.2475     7.07797256E+000
  5.2525     7.08668179E+000
  5.2575     7.09538794E+000
  5.2625     7.10410449E+000
  5.2675     7.11282415E+000
  5.2725     7.12152748E+000
  5.2775     7.13023537E+000
  5.2825     7.13895409E+000
  5.2875     7.14766858E+000
  5.2925     7.15637326E+000
  5.2975     7.16508841E+000
  5.3025     7.17379424E+000
  5.3075     7.18250717E+000
  5.3125     7.19121926E+000
  5.3175     7.19992454E+000
  5.3225     7.20863892E+000
  5.3275     7.21735072E+000
  5.3325     7.22606003E+000
  5.3375     7.23477564E+000
  5.3425     7.24348233E+000
  5.3475     7.25220209E+000
  5.3525     7.26090912E+000
  5.3575     7.26962338E+000
  5.3625     7.27832889E+000
  5.3675     7.28704007E+000
  5.3725     7.29575324E+000
  5.3775     7.30446050E+000
  5.3825     7.31317237E+000
  5.3875     7.32188480E+000
  5.3925     7.33059687E+000
  5.3975     7.33930883E+000
  5.4025     7.34801495E+000
  5.4075     7.35672348E+000
  5.4125     7.36542766E+000
  5.4175     7.37413742E+000
  5.4225     7.38285611E+000
  5.4275     7.39156589E+000
  5.4325     7.40027094E+000
  5.4375     7.40898693E+000
  5.4425     7.41768491E+000
  5.4475     7.42639228E+000
  5.4525     7.43511256E+000
  5.4575     7.44381961E+000
  5.4625     7.45253111E+000
  5.4675     7.46124081E+000
  5.4725     7.46994096E+000
  5.4775     7.47865139E+000
  5.4825     7.48736608E+000
  5.4875     7.49609056E+000
  5.4925     7.50479715E+000
  5.4975     7.51351757E+000
  5.5025     7.52222609E+000
  5.5075     7.53094499E+000
  5.5125     7.53966052E+000
  5.5175     7.54838065E+000
  5.5225     7.55709238E+000
  5.5275     7.56582181E+000
  5.5325     7.57454498E+000
  5.5375     7.58326136E+000
  5.5425     7.59198756E+000
  5.5475     7.60069909E+000
  5.5525     7.60941168E+000
  5.5575     7.61813121E+000
  5.5625     7.62685012E+000
  5.5675     7.63556791E+000
  5.5725     7.64428869E+000
  5.5775     7.65300394E+000
  5.5825     7.66173194E+000
  5.5875     7.67045966E+000
  5.5925     7.67916589E+000
  5.5975     7.68788743E+000
  5.6025     7.69660363E+000
  5.6075     7.70531808E+000
  5.6125     7.71403396E+000
  5.6175     7.72274958E+000
  5.6225     7.73146183E+000
  5.6275     7.74018527E+000
  5.6325     7.74890062E+000
  5.6375     7.75761203E+000
  5.6425     7.76634057E+000
  5.6475     7.77505720E+000
  5.6525     7.78377019E+000
  5.6575     7.79248211E+000
  5.6625     7.80120853E+000
  5.6675     7.80991605E+000
  5.6725     7.81863234E+000
  5.6775     7.82734902E+000
  5.6825     7.83607199E+000
  5.6875     7.84478027E+000
  5.6925     7.85350122E+000
  5.6975     7.86221298E+000
  5.7025     7.87093135E+000
  5.7075     7.87964650E+000
  5.7125     7.88836375E+000
  5.7175     7.89708815E+000
  5.7225     7.90580450E+000
  5.7275     7.91452145E+000
  5.7325     7.92322869E+000
  5.7375     7.93194921E+000
  5.7425     7.94064560E+000
  5.7475     7.94935611E+000
  5.7525     7.95807111E+000
  5.7575     7.96678258E+000
  5.7625     7.97549586E+000
  5.7675     7.98418888E+000
  5.7725     7.99288458E+000
  5.7775     8.00159528E+000
  5.7825     8.01028967E+000
  5.7875     8.01900552E+000
  5.7925     8.02770830E+000
  5.7975     8.03640627E+000
  5.8025     8.04510787E+000
  5.8075     8.05380863E+000
  5.8125     8.06251419E+000
  5.8175     8.07121912E+000
  5.8225     8.07991459E+000
  5.8275     8.08860323E+000
  5.8325     8.09731363E+000
  5.8375     8.10601214E+000
  5.8425     8.11471232E+000
  5.8475     8.12342384E+000
  5.8525     8.13211635E+000
  5.8575     8.14082029E+000
  5.8625     8.14951460E+000
  5.8675     8.15821291E+000
  5.8725     8.16692681E+000
  5.8775     8.17563085E+000
  5.8825     8.18433036E+000
  5.8875     8.19303863E+000
  5.8925     8.20173581E+000
  5.8975     8.21043839E+000
  5.9025     8.21915035E+000
  5.9075     8.22784729E+000
  5.9125     8.23655950E+000
  5.9175     8.24526157E+000
  5.9225     8.25397399E+000
  5.9275     8.26267793E+000
  5.9325     8.27137303E+000
  5.9375     8.28007570E+000
  5.9425     8.28878134E+000
  5.9475     8.29749150E+000
  5.9525     8.30617622E+000
  5.9575     8.31488761E+000
  5.9625     8.32359745E+000
  5.9675     8.33229993E+000
  5.9725     8.34099171E+000
  5.9775     8.34970230E+000
  5.9825     8.35841575E+000
  5.9875     8.36710649E+000
  5.9925     8.37580972E+000
  5.9975     8.38451562E+000
  6.0025     8.39322084E+000
  6.0075     8.40192611E+000
  6.0125     8.41062382E+000
  6.0175     8.41934414E+000
  6.0225     8.42804541E+000
  6.0275     8.43673656E+000
  6.0325     8.44546151E+000
  6.0375     8.45415519E+000
  6.0425     8.46285463E+000
  6.0475     8.47157473E+000
  6.0525     8.48028711E+000
  6.0575     8.48897978E+000
  6.0625     8.49768686E+000
  6.0675     8.50640058E+000
  6.0725     8.51510862E+000
  6.0775     8.52382493E+000
  6.0825     8.53253662E+000
  6.0875     8.54125331E+000
  6.0925     8.54995898E+000
  6.0975     8.55866801E+000
  6.1025     8.56737215E+000
  6.1075     8.57608351E+000
  6.1125     8.58480128E+000
  6.1175     8.59350501E+000
  6.1225     8.60220785E+000
  6.1275     8.61091628E+000
  6.1325     8.61962556E+000
  6.1375     8.62833863E+000
  6.1425     8.63704495E+000
  6.1475     8.64575571E+000
  6.1525     8.65445642E+000
  6.1575     8.66316428E+000
  6.1625     8.67187583E+000
  6.1675     8.68057063E+000
  6.1725     8.68930117E+000
  6.1775     8.69800766E+000
  6.1825     8.70672045E+000
  6.1875     8.71543606E+000
  6.1925     8.72413911E+000
  6.1975     8.73284762E+000
  6.2025     8.74155663E+000
  6.2075     8.75027275E+000
  6.2125     8.75899090E+000
  6.2175     8.76770892E+000
  6.2225     8.77641531E+000
  6.2275     8.78512464E+000
  6.2325     8.79383613E+000
  6.2375     8.80253837E+000
  6.2425     8.81124235E+000
  6.2475     8.81996412E+000
  6.2525     8.82869757E+000
  6.2575     8.83739659E+000
  6.2625     8.84614428E+000
  6.2675     8.85485324E+000
  6.2725     8.86355669E+000
  6.2775     8.87229164E+000
  6.2825     8.88099726E+000
  6.2875     8.88972011E+000
  6.2925     8.89841551E+000
  6.2975     8.90715081E+000
  6.3025     8.91584431E+000
  6.3075     8.92456942E+000
  6.3125     8.93328730E+000
  6.3175     8.94204081E+000
  6.3225     8.95073469E+000
  6.3275     8.95944375E+000
  6.3325     8.96813405E+000
  6.3375     8.97680077E+000
  6.3425     8.98552605E+000
  6.3475     8.99433292E+000
  6.3525     9.00303505E+000
  6.3575     9.01172519E+000
  6.3625     9.02052411E+000
  6.3675     9.02943288E+000
  6.3725     9.03800173E+000
  6.3775     9.04667350E+000
  6.3825     9.05536611E+000
  6.3875     9.06391458E+000
  6.3925     9.07294690E+000
  6.3975     9.08147082E+000
  6.4025     9.08988341E+000
  6.4075     9.09851404E+000
  6.4125     9.10733748E+000
  6.4175     9.11661814E+000
  6.4225     9.12448733E+000
  6.4275     9.13359986E+000
  6.4325     9.14272321E+000
  6.4375     9.15097461E+000
  6.4425     9.16018508E+000
  6.4475     9.16970275E+000
  6.4525     9.17832870E+000
  6.4575     9.18604154E+000
  6.4625     9.19539509E+000
  6.4675     9.20137038E+000
  6.4725     9.21199036E+000
  6.4775     9.22308689E+000
  6.4825     9.23016830E+000
  6.4875     9.24228071E+000
  6.4925     9.25164414E+000
  6.4975     9.25605073E+000
  6.5025     9.27188958E+000
  6.5075     9.28508133E+000
  6.5125     9.28566351E+000
  6.5175     9.28351731E+000
  6.5225     9.30046515E+000
  6.5325     9.33721544E+000
